1.53,13.1,1481146543.64,0.0
1.53,13.1,1481146543.66,0.0
1.53,13.1,1481146543.68,0.0
1.53,13.1,1481146543.7,0.0
1.53,13.1,1481146543.72,0.0
1.53,13.1,1481146543.74,0.0
1.53,13.1,1481146543.76,0.0
1.53,13.1,1481146543.78,0.0
1.53,13.1,1481146543.8,0.0
1.53,13.1,1481146543.82,0.0
1.53,13.1,1481146543.84,0.0
1.53,13.1,1481146543.86,0.0
1.53,13.1,1481146543.88,0.0
1.53,13.1,1481146543.9,0.0
1.53,13.1,1481146543.92,0.0
1.53,13.1,1481146543.94,0.0
1.53,13.1,1481146543.96,0.0
1.53,13.1,1481146543.98,0.0
1.53,13.1,1481146544.0,0.0
1.53,13.1,1481146544.03,0.0
1.53,13.1,1481146544.04,0.0
1.53,13.1,1481146544.06,0.0
1.53,13.1,1481146544.08,0.0
1.53,13.1,1481146544.1,0.0
1.53,13.1,1481146544.12,0.0
1.53,13.1,1481146544.14,0.0
1.53,13.1,1481146544.16,0.0
1.53,13.1,1481146544.18,0.0
1.53,13.1,1481146544.2,0.0
1.53,13.1,1481146544.23,0.0
1.53,13.1,1481146544.25,0.0
1.53,13.1,1481146544.26,0.0
1.53,13.1,1481146544.28,0.0
1.53,13.1,1481146544.3,0.0
1.53,13.1,1481146544.32,0.0
1.53,13.1,1481146544.34,0.0
1.53,13.1,1481146544.36,0.0
1.53,13.1,1481146544.38,0.0
1.53,13.1,1481146544.4,0.0
1.53,13.1,1481146544.42,0.0
1.53,13.1,1481146544.45,0.0
1.53,13.1,1481146544.46,0.0
1.53,13.1,1481146544.48,0.0
1.53,13.1,1481146544.5,0.0
1.53,13.1,1481146544.52,0.0
1.53,13.1,1481146544.54,0.0
1.53,13.1,1481146544.56,0.0
1.53,13.1,1481146544.58,0.0
1.53,13.1,1481146544.6,0.0
1.53,13.1,1481146544.62,0.0
1.53,13.1,1481146544.64,0.0
1.53,13.1,1481146544.66,0.0
1.53,13.1,1481146544.68,0.0
1.53,13.1,1481146544.7,0.0
1.53,13.1,1481146544.72,0.0
1.53,13.1,1481146544.74,0.0
1.53,13.1,1481146544.76,0.0
1.53,13.1,1481146544.78,0.0
1.53,13.1,1481146544.8,0.0
1.53,13.1,1481146544.82,0.0
1.53,13.1,1481146544.85,0.0
1.53,13.1,1481146544.86,0.0
1.53,13.1,1481146544.88,0.0
1.53,13.1,1481146544.91,0.0
1.53,13.1,1481146544.92,0.0
1.53,13.1,1481146544.94,0.0
1.53,13.1,1481146544.96,0.0
1.53,13.1,1481146544.98,0.0
1.53,13.1,1481146545.0,0.0
1.53,13.1,1481146545.02,0.0
1.53,13.1,1481146545.04,0.0
1.53,13.1,1481146545.06,0.0
1.53,13.1,1481146545.08,0.0
1.53,13.1,1481146545.1,0.0
1.53,13.1,1481146545.12,0.0
1.53,13.1,1481146545.14,0.0
1.53,13.1,1481146545.16,0.0
1.53,13.1,1481146545.18,0.0
1.53,13.1,1481146545.2,0.0
1.53,13.1,1481146545.22,0.0
1.53,13.1,1481146545.24,0.0
1.53,13.1,1481146545.26,0.0
1.53,13.1,1481146545.28,0.0
1.53,13.1,1481146545.3,0.0
1.53,13.1,1481146545.32,0.0
1.53,13.1,1481146545.34,0.0
1.53,13.1,1481146545.36,0.0
1.53,13.1,1481146545.38,0.0
1.53,13.1,1481146545.4,0.0
1.53,13.1,1481146545.42,0.0
1.53,13.1,1481146545.44,0.0
1.53,13.1,1481146545.46,0.0
1.53,13.1,1481146545.48,0.0
1.53,13.1,1481146545.51,0.0
1.53,13.1,1481146545.52,0.0
1.53,13.1,1481146545.54,0.0
1.53,13.1,1481146545.56,0.0
1.53,13.1,1481146545.58,0.0
1.53,13.1,1481146545.6,0.0
1.53,13.1,1481146545.62,0.0
1.53,13.1,1481146545.64,0.0
1.53,13.1,1481146545.66,0.0
1.53,13.1,1481146545.68,0.0
1.53,13.1,1481146545.7,0.0
1.53,13.1,1481146545.72,0.0
1.53,13.1,1481146545.74,0.0
1.53,13.1,1481146545.76,0.0
1.53,13.1,1481146545.78,0.0
1.53,13.1,1481146545.8,0.0
1.53,13.1,1481146545.82,0.0
1.53,13.1,1481146545.84,0.0
1.53,13.1,1481146545.86,0.0
1.53,13.1,1481146545.88,0.0
1.53,13.1,1481146545.9,0.0
1.53,13.1,1481146545.92,0.0
1.53,13.1,1481146545.94,0.0
1.53,13.1,1481146545.96,0.0
1.53,13.1,1481146545.98,0.0
1.53,13.1,1481146546.0,0.0
1.53,13.1,1481146546.03,0.0
1.53,13.1,1481146546.04,0.0
1.53,13.1,1481146546.06,0.0
1.53,13.1,1481146546.09,0.0
1.53,13.1,1481146546.1,0.0
1.53,13.1,1481146546.12,0.0
1.53,13.1,1481146546.14,0.0
1.53,13.1,1481146546.16,0.0
1.53,13.1,1481146546.18,0.0
1.53,13.1,1481146546.2,0.0
1.53,13.1,1481146546.22,0.0
1.53,13.1,1481146546.24,0.0
1.53,13.1,1481146546.26,0.0
1.53,13.1,1481146546.28,0.0
1.53,13.1,1481146546.3,0.0
1.53,13.1,1481146546.32,0.0
1.53,13.1,1481146546.34,0.0
1.53,13.1,1481146546.36,0.0
1.53,13.1,1481146546.38,0.0
1.53,13.1,1481146546.4,0.0
1.53,13.1,1481146546.42,0.0
1.53,13.1,1481146546.44,0.0
1.53,13.1,1481146546.46,0.0
1.53,13.1,1481146546.49,0.0
1.53,13.1,1481146546.5,0.0
1.53,13.1,1481146546.52,0.0
1.53,13.1,1481146546.55,0.0
1.53,13.1,1481146546.56,0.0
1.53,13.1,1481146546.58,0.0
1.53,13.1,1481146546.61,0.0
1.53,13.1,1481146546.62,0.0
1.53,13.1,1481146546.64,0.0
1.53,13.1,1481146546.66,0.0
1.53,13.1,1481146546.68,0.0
1.53,13.1,1481146546.7,0.0
1.53,13.1,1481146546.72,0.0
1.53,13.1,1481146546.74,0.0
1.53,13.1,1481146546.76,0.0
1.53,13.1,1481146546.79,0.0
1.53,13.1,1481146546.8,0.0
1.53,13.1,1481146546.82,0.0
1.53,13.1,1481146546.84,0.0
1.53,13.1,1481146546.86,0.0
1.53,13.1,1481146546.88,0.0
1.53,13.1,1481146546.91,0.0
1.53,13.1,1481146546.92,0.0
1.53,13.1,1481146546.94,0.0
1.53,13.1,1481146546.96,0.0
1.53,13.1,1481146546.98,0.0
1.53,13.1,1481146547.0,0.0
1.53,13.1,1481146547.02,0.0
1.53,13.1,1481146547.04,0.0
1.53,13.1,1481146547.07,0.0
1.53,13.1,1481146547.08,0.0
1.53,13.1,1481146547.1,0.0
1.53,13.1,1481146547.12,0.0
1.53,13.1,1481146547.14,0.0
1.53,13.1,1481146547.16,0.0
1.53,13.1,1481146547.18,0.0
1.53,13.1,1481146547.2,0.0
1.53,13.1,1481146547.22,0.0
1.53,13.1,1481146547.24,0.0
1.53,13.1,1481146547.26,0.0
1.53,13.1,1481146547.29,0.0
1.53,13.1,1481146547.3,0.0
1.53,13.1,1481146547.32,0.0
1.53,13.1,1481146547.34,0.0
1.53,13.1,1481146547.36,0.0
1.53,13.1,1481146547.38,0.0
1.53,13.1,1481146547.41,0.0
1.53,13.1,1481146547.42,0.0
1.53,13.1,1481146547.44,0.0
1.53,13.1,1481146547.47,0.0
1.53,13.1,1481146547.48,0.0
1.53,13.1,1481146547.5,0.0
1.53,13.1,1481146547.52,0.0
1.53,13.1,1481146547.54,0.0
1.53,13.1,1481146547.56,0.0
1.53,13.1,1481146547.58,0.0
1.53,13.1,1481146547.6,0.0
1.53,13.1,1481146547.63,0.0
1.53,13.1,1481146547.64,0.0
1.53,13.1,1481146547.66,0.0
1.53,13.1,1481146547.68,0.0
1.53,13.1,1481146547.7,0.0
1.53,13.1,1481146547.72,0.0
1.53,13.1,1481146547.76,0.0
1.53,13.1,1481146547.8,0.0
1.53,13.1,1481146547.8,0.0
1.53,13.1,1481146547.84,0.0
1.53,13.1,1481146547.84,0.0
1.53,13.1,1481146547.88,0.0
1.53,13.1,1481146547.88,0.0
1.53,13.1,1481146547.92,0.0
1.53,13.1,1481146547.92,0.0
1.53,13.1,1481146547.96,0.0
1.53,13.1,1481146547.96,0.0
1.53,13.1,1481146548.0,0.0
1.53,13.1,1481146548.0,0.0
1.53,13.1,1481146548.04,0.0
1.53,13.1,1481146548.04,0.0
1.53,13.1,1481146548.08,0.0
1.53,13.1,1481146548.08,0.0
1.53,13.1,1481146548.12,0.0
1.53,13.1,1481146548.12,0.0
1.53,13.1,1481146548.17,0.0
1.53,13.1,1481146548.17,0.0
1.53,13.1,1481146548.17,3.14159265359
1.53,13.1,1481146548.21,0.0
1.53,13.1,1481146548.21,3.14159265359
1.53,13.1,1481146548.23,0.0
1.53,13.1,1481146548.24,0.0
1.53,13.1,1481146548.28,0.0
1.53,13.1,1481146548.32,0.0
1.53,13.1,1481146548.32,0.0
1.53,13.1,1481146548.36,0.0
1.54,13.1,1481146548.36,0.0
1.54,13.1,1481146548.4,0.0
1.54,13.11,1481146548.4,0.0
1.54,13.11,1481146548.44,0.0
1.54,13.11,1481146548.44,0.0
1.54,13.11,1481146548.48,0.0
1.55,13.11,1481146548.48,0.0
1.55,13.11,1481146548.59,0.0
1.55,13.12,1481146548.6,0.0
1.55,13.12,1481146548.63,0.0
1.55,13.12,1481146548.63,0.0
1.55,13.12,1481146548.64,0.0
1.56,13.12,1481146548.64,0.0
1.56,13.12,1481146548.64,0.0
1.56,13.12,1481146548.64,0.0
1.56,13.12,1481146548.67,0.0
1.56,13.12,1481146548.67,0.0
1.56,13.12,1481146548.68,0.0
1.57,13.12,1481146548.7,0.0
1.57,13.12,1481146548.74,0.0
1.57,13.12,1481146548.78,0.0
1.57,13.12,1481146548.78,0.0
1.57,13.13,1481146548.82,0.0
1.57,13.13,1481146548.82,0.0
1.57,13.13,1481146548.86,0.0
1.57,13.13,1481146548.86,0.0
1.57,13.13,1481146548.9,0.0
1.57,13.13,1481146548.9,0.0
1.58,13.13,1481146548.94,0.0
1.58,13.13,1481146548.94,0.0
1.58,13.13,1481146548.98,0.0
1.58,13.13,1481146548.98,0.0
1.58,13.13,1481146549.02,0.0
1.58,13.13,1481146549.02,0.0
1.58,13.13,1481146549.06,0.0
1.58,13.13,1481146549.06,0.0
1.59,13.13,1481146549.1,0.0
1.59,13.13,1481146549.1,0.0
1.59,13.13,1481146549.14,0.0
1.59,13.13,1481146549.14,0.0
1.59,13.13,1481146549.18,0.0
1.59,13.13,1481146549.18,0.0
1.6,13.13,1481146549.22,0.0
1.6,13.13,1481146549.22,0.0
1.6,13.13,1481146549.26,0.0
1.6,13.13,1481146549.26,0.0
1.61,13.13,1481146549.3,0.0
1.61,13.13,1481146549.3,0.0
1.61,13.13,1481146549.34,0.0
1.62,13.13,1481146549.34,0.0
1.62,13.13,1481146549.38,0.0
1.63,13.13,1481146549.38,0.0
1.63,13.13,1481146549.42,0.0
1.64,13.13,1481146549.42,0.0
1.64,13.13,1481146549.46,0.0
1.65,13.13,1481146549.47,0.0
1.65,13.13,1481146549.5,0.0
1.66,13.13,1481146549.5,0.0
1.67,13.13,1481146549.54,0.0
1.67,13.13,1481146549.54,0.0
1.68,13.13,1481146549.58,0.0
1.68,13.13,1481146549.58,0.0
1.69,13.13,1481146549.62,0.0
1.7,13.13,1481146549.62,0.0
1.7,13.13,1481146549.66,0.0
1.71,13.13,1481146549.66,0.0
1.72,13.13,1481146549.7,0.0
1.72,13.13,1481146549.7,0.0
1.73,13.13,1481146549.74,0.0
1.73,13.13,1481146549.74,0.0
1.74,13.13,1481146549.78,0.0
1.75,13.13,1481146549.78,0.0
1.75,13.13,1481146549.82,0.0
1.76,13.13,1481146549.82,0.0
1.77,13.13,1481146549.86,0.0
1.77,13.13,1481146549.86,0.0
1.78,13.14,1481146549.9,0.0
1.79,13.14,1481146549.9,0.0
1.79,13.14,1481146549.94,0.0
1.8,13.14,1481146549.94,0.0
1.81,13.14,1481146549.98,0.0
1.82,13.14,1481146549.98,0.0
1.82,13.14,1481146550.02,0.0
1.83,13.14,1481146550.02,0.0
1.84,13.14,1481146550.06,0.0
1.84,13.14,1481146550.06,0.0
1.85,13.14,1481146550.1,0.0
1.86,13.14,1481146550.1,0.0
1.86,13.14,1481146550.14,0.0
1.87,13.14,1481146550.14,0.0
1.88,13.14,1481146550.18,0.0
1.89,13.14,1481146550.18,0.0
1.89,13.14,1481146550.22,0.0
1.9,13.14,1481146550.22,0.0
1.91,13.14,1481146550.26,0.0
1.91,13.14,1481146550.26,0.0
1.92,13.14,1481146550.3,0.0
1.93,13.14,1481146550.3,0.0
1.93,13.14,1481146550.34,0.0
1.94,13.14,1481146550.34,0.0
1.95,13.14,1481146550.38,0.0
1.96,13.14,1481146550.38,0.0
1.96,13.14,1481146550.42,0.0
1.97,13.14,1481146550.42,0.0
1.98,13.14,1481146550.46,0.0
1.99,13.13,1481146550.46,0.0
1.99,13.13,1481146550.5,0.0
2.0,13.13,1481146550.5,0.0
2.01,13.13,1481146550.54,0.0
2.02,13.13,1481146550.54,0.0
2.02,13.13,1481146550.58,0.0
2.03,13.13,1481146550.58,0.0
2.04,13.13,1481146550.62,0.0
2.04,13.13,1481146550.62,0.0
2.05,13.13,1481146550.66,0.0
2.06,13.13,1481146550.66,0.0
2.07,13.13,1481146550.7,0.0
2.07,13.13,1481146550.7,0.0
2.08,13.13,1481146550.74,0.0
2.09,13.13,1481146550.74,0.0
2.09,13.13,1481146550.78,0.0
2.1,13.13,1481146550.78,0.0
2.11,13.13,1481146550.82,0.0
2.12,13.13,1481146550.82,0.0
2.12,13.13,1481146550.86,0.0
2.13,13.13,1481146550.86,0.0
2.14,13.13,1481146550.9,0.0
2.15,13.13,1481146550.9,0.0
2.15,13.13,1481146550.94,0.0
2.16,13.12,1481146550.94,0.0
2.17,13.12,1481146550.98,0.0
2.18,13.12,1481146550.98,0.0
2.19,13.12,1481146551.02,0.0
2.19,13.12,1481146551.02,0.0
2.2,13.12,1481146551.06,0.0
2.21,13.12,1481146551.06,0.0
2.22,13.12,1481146551.1,0.0
2.22,13.12,1481146551.1,0.0
2.23,13.12,1481146551.14,0.0
2.24,13.12,1481146551.14,0.0
2.24,13.12,1481146551.18,0.0
2.25,13.12,1481146551.18,0.0
2.26,13.12,1481146551.22,0.0
2.26,13.12,1481146551.22,0.0
2.27,13.12,1481146551.26,0.0
2.28,13.12,1481146551.26,0.0
2.28,13.12,1481146551.3,0.0
2.29,13.12,1481146551.3,0.0
2.29,13.12,1481146551.34,0.0
2.3,13.12,1481146551.34,0.0
2.31,13.12,1481146551.38,0.0
2.31,13.12,1481146551.38,0.0
2.32,13.12,1481146551.42,0.0
2.32,13.12,1481146551.42,0.0
2.33,13.12,1481146551.46,0.0
2.34,13.12,1481146551.46,0.0
2.34,13.12,1481146551.5,0.0
2.35,13.12,1481146551.5,0.0
2.35,13.12,1481146551.54,0.0
2.36,13.12,1481146551.54,0.0
2.37,13.12,1481146551.58,0.0
2.37,13.12,1481146551.58,0.0
2.38,13.12,1481146551.62,0.0
2.39,13.12,1481146551.62,0.0
2.39,13.12,1481146551.66,0.0
2.4,13.12,1481146551.66,0.0
2.41,13.12,1481146551.7,0.0
2.41,13.12,1481146551.7,0.0
2.42,13.12,1481146551.74,0.0
2.43,13.12,1481146551.74,0.0
2.44,13.12,1481146551.78,0.0
2.44,13.12,1481146551.78,0.0
2.45,13.12,1481146551.82,0.0
2.46,13.12,1481146551.82,0.0
2.47,13.12,1481146551.86,0.0
2.47,13.12,1481146551.86,0.0
2.48,13.12,1481146551.9,0.0
2.49,13.12,1481146551.9,0.0
2.5,13.12,1481146551.94,0.0
2.5,13.12,1481146551.94,0.0
2.51,13.12,1481146551.98,0.0
2.52,13.12,1481146551.98,0.0
2.53,13.12,1481146552.02,0.0
2.53,13.11,1481146552.02,0.0
2.54,13.11,1481146552.06,0.0
2.55,13.11,1481146552.06,0.0
2.55,13.11,1481146552.1,0.0
2.56,13.11,1481146552.1,0.0
2.57,13.11,1481146552.14,0.0
2.57,13.11,1481146552.14,0.0
2.58,13.11,1481146552.18,0.0
2.59,13.11,1481146552.18,0.0
2.59,13.11,1481146552.22,0.0
2.6,13.11,1481146552.22,0.0
2.61,13.11,1481146552.26,0.0
2.62,13.11,1481146552.26,0.0
2.62,13.11,1481146552.3,0.0
2.63,13.11,1481146552.3,0.0
2.64,13.11,1481146552.34,0.0
2.64,13.11,1481146552.34,0.0
2.65,13.11,1481146552.38,0.0
2.66,13.11,1481146552.38,0.0
2.66,13.11,1481146552.42,0.0
2.67,13.11,1481146552.42,0.0
2.68,13.11,1481146552.46,0.0
2.68,13.11,1481146552.46,0.0
2.69,13.11,1481146552.5,0.0
2.7,13.11,1481146552.5,0.0
2.71,13.11,1481146552.55,0.0
2.71,13.11,1481146552.55,0.0
2.72,13.11,1481146552.55,0.0
2.73,13.11,1481146552.59,0.0
2.74,13.11,1481146552.59,0.0
2.74,13.1,1481146552.61,0.0
2.75,13.1,1481146552.63,0.0
2.76,13.1,1481146552.67,0.0
2.76,13.1,1481146552.67,0.0
2.77,13.1,1481146552.71,0.0
2.78,13.1,1481146552.71,0.0
2.78,13.1,1481146552.75,0.0
2.79,13.1,1481146552.75,0.0
2.8,13.1,1481146552.79,0.0
2.81,13.1,1481146552.79,0.0
2.81,13.1,1481146552.83,0.0
2.82,13.1,1481146552.83,0.0
2.83,13.1,1481146552.87,0.0
2.83,13.1,1481146552.87,0.0
2.84,13.1,1481146552.91,0.0
2.85,13.1,1481146552.91,0.0
2.85,13.1,1481146552.95,0.0
2.86,13.1,1481146552.95,0.0
2.87,13.1,1481146552.99,0.0
2.87,13.1,1481146552.99,0.0
2.88,13.1,1481146553.03,0.0
2.89,13.1,1481146553.03,0.0
2.89,13.1,1481146553.07,0.0
2.9,13.1,1481146553.07,0.0
2.91,13.1,1481146553.11,0.0
2.91,13.1,1481146553.11,0.0
2.92,13.1,1481146553.15,0.0
2.92,13.1,1481146553.15,0.0
2.93,13.1,1481146553.19,0.0
2.94,13.1,1481146553.19,0.0
2.94,13.1,1481146553.23,0.0
2.95,13.1,1481146553.23,0.0
2.96,13.1,1481146553.27,0.0
2.96,13.1,1481146553.27,0.0
2.97,13.1,1481146553.31,0.0
2.98,13.1,1481146553.31,0.0
2.98,13.1,1481146553.35,0.0
2.99,13.1,1481146553.35,0.0
3.0,13.1,1481146553.39,0.0
3.0,13.1,1481146553.39,0.0
3.01,13.1,1481146553.43,0.0
3.02,13.09,1481146553.43,0.0
3.02,13.09,1481146553.47,0.0
3.03,13.09,1481146553.47,0.0
3.04,13.09,1481146553.51,0.0
3.05,13.09,1481146553.51,0.0
3.05,13.09,1481146553.55,0.0
3.06,13.09,1481146553.55,0.0
3.06,13.09,1481146553.59,0.0
3.07,13.09,1481146553.59,0.0
3.07,13.09,1481146553.63,0.0
3.08,13.09,1481146553.64,0.0
3.09,13.08,1481146553.67,0.0
3.09,13.08,1481146553.67,0.0
3.11,13.09,1481146553.71,0.0
3.12,13.09,1481146553.71,0.0
3.13,13.1,1481146553.75,0.0
3.14,13.1,1481146553.75,0.0
3.14,13.11,1481146553.79,0.0
3.15,13.11,1481146553.79,0.0
3.16,13.12,1481146553.83,0.0
3.16,13.12,1481146553.83,0.0
3.17,13.12,1481146553.87,0.0
3.17,13.12,1481146553.87,0.0
3.18,13.12,1481146553.91,0.0
3.18,13.13,1481146553.91,0.0
3.18,13.13,1481146553.95,0.0
3.18,13.13,1481146553.95,0.0
3.18,13.14,1481146553.99,0.0
3.18,13.14,1481146553.99,0.0
3.18,13.14,1481146554.03,0.0
3.18,13.15,1481146554.03,3.14159265359
3.18,13.15,1481146554.07,3.14159265359
3.18,13.15,1481146554.07,3.14159265359
3.18,13.16,1481146554.11,3.14159265359
3.18,13.16,1481146554.11,3.14159265359
3.18,13.17,1481146554.15,3.14159265359
3.18,13.17,1481146554.15,3.14159265359
3.18,13.18,1481146554.19,3.14159265359
3.17,13.18,1481146554.19,3.14159265359
3.17,13.19,1481146554.23,3.14159265359
3.17,13.19,1481146554.24,3.14159265359
3.17,13.2,1481146554.27,3.14159265359
3.17,13.2,1481146554.28,3.14159265359
3.17,13.21,1481146554.31,3.14159265359
3.17,13.21,1481146554.31,3.14159265359
3.17,13.22,1481146554.35,3.14159265359
3.17,13.23,1481146554.35,3.14159265359
3.17,13.23,1481146554.39,3.14159265359
3.16,13.24,1481146554.39,3.14159265359
3.16,13.24,1481146554.43,3.14159265359
3.16,13.25,1481146554.43,3.14159265359
3.16,13.25,1481146554.47,3.14159265359
3.16,13.26,1481146554.48,3.14159265359
3.16,13.26,1481146554.51,3.14159265359
3.16,13.27,1481146554.51,3.14159265359
3.16,13.28,1481146554.55,3.14159265359
3.16,13.28,1481146554.55,3.14159265359
3.16,13.29,1481146554.59,3.14159265359
3.16,13.3,1481146554.59,3.14159265359
3.15,13.3,1481146554.64,3.14159265359
3.15,13.31,1481146554.64,3.14159265359
3.15,13.31,1481146554.68,3.14159265359
3.15,13.32,1481146554.68,3.14159265359
3.15,13.33,1481146554.72,3.14159265359
3.15,13.33,1481146554.72,3.14159265359
3.15,13.34,1481146554.76,3.14159265359
3.15,13.35,1481146554.76,3.14159265359
3.15,13.35,1481146554.8,3.14159265359
3.15,13.36,1481146554.8,3.14159265359
3.15,13.37,1481146554.84,3.14159265359
3.15,13.38,1481146554.84,3.14159265359
3.15,13.38,1481146554.88,3.14159265359
3.15,13.39,1481146554.88,3.14159265359
3.15,13.4,1481146554.92,3.14159265359
3.14,13.41,1481146554.92,3.14159265359
3.14,13.41,1481146554.96,3.14159265359
3.14,13.42,1481146554.96,3.14159265359
3.14,13.43,1481146555.0,3.14159265359
3.14,13.44,1481146555.0,3.14159265359
3.14,13.44,1481146555.04,3.14159265359
3.14,13.45,1481146555.04,3.14159265359
3.14,13.46,1481146555.08,3.14159265359
3.14,13.46,1481146555.08,3.14159265359
3.14,13.47,1481146555.12,3.14159265359
3.14,13.48,1481146555.12,3.14159265359
3.14,13.48,1481146555.16,3.14159265359
3.14,13.49,1481146555.16,3.14159265359
3.14,13.5,1481146555.21,0.0
3.14,13.5,1481146555.21,0.0
3.14,13.51,1481146555.25,0.0
3.14,13.51,1481146555.25,0.0
3.14,13.52,1481146555.29,0.0
3.14,13.53,1481146555.29,3.14159265359
3.14,13.53,1481146555.33,3.14159265359
3.14,13.54,1481146555.33,3.14159265359
3.14,13.54,1481146555.37,3.14159265359
3.14,13.55,1481146555.37,3.14159265359
3.14,13.55,1481146555.41,3.14159265359
3.14,13.56,1481146555.41,3.14159265359
3.14,13.57,1481146555.45,3.14159265359
3.14,13.57,1481146555.45,3.14159265359
3.14,13.58,1481146555.49,3.14159265359
3.14,13.58,1481146555.49,3.14159265359
3.14,13.59,1481146555.53,3.14159265359
3.14,13.6,1481146555.53,3.14159265359
3.14,13.6,1481146555.57,3.14159265359
3.14,13.61,1481146555.57,3.14159265359
3.14,13.62,1481146555.61,3.14159265359
3.14,13.62,1481146555.61,3.14159265359
3.14,13.63,1481146555.65,3.14159265359
3.14,13.64,1481146555.65,3.14159265359
3.14,13.64,1481146555.69,3.14159265359
3.14,13.65,1481146555.69,3.14159265359
3.14,13.66,1481146555.73,3.14159265359
3.14,13.66,1481146555.73,3.14159265359
3.14,13.67,1481146555.77,3.14159265359
3.14,13.68,1481146555.77,3.14159265359
3.13,13.68,1481146555.81,3.14159265359
3.13,13.69,1481146555.81,3.14159265359
3.13,13.7,1481146555.81,3.14159265359
3.13,13.7,1481146555.85,3.14159265359
3.13,13.71,1481146555.85,3.14159265359
3.13,13.72,1481146555.87,3.14159265359
3.13,13.73,1481146555.89,3.14159265359
3.13,13.73,1481146555.93,3.14159265359
3.13,13.74,1481146555.97,3.14159265359
3.13,13.75,1481146555.97,0.0
3.13,13.76,1481146556.01,3.14159265359
3.13,13.76,1481146556.01,3.14159265359
3.13,13.77,1481146556.05,3.14159265359
3.13,13.78,1481146556.05,3.14159265359
3.13,13.79,1481146556.09,3.14159265359
3.13,13.8,1481146556.09,3.14159265359
3.13,13.8,1481146556.13,3.14159265359
3.13,13.81,1481146556.13,3.14159265359
3.13,13.82,1481146556.17,3.14159265359
3.13,13.82,1481146556.17,3.14159265359
3.13,13.83,1481146556.21,3.14159265359
3.13,13.84,1481146556.21,3.14159265359
3.13,13.85,1481146556.25,3.14159265359
3.13,13.85,1481146556.25,3.14159265359
3.13,13.86,1481146556.29,3.14159265359
3.12,13.87,1481146556.29,3.14159265359
3.12,13.88,1481146556.33,3.14159265359
3.12,13.88,1481146556.33,3.14159265359
3.12,13.89,1481146556.37,3.14159265359
3.12,13.9,1481146556.37,3.14159265359
3.12,13.91,1481146556.41,3.14159265359
3.12,13.91,1481146556.41,3.14159265359
3.12,13.92,1481146556.45,3.14159265359
3.12,13.93,1481146556.45,3.14159265359
3.12,13.93,1481146556.49,3.14159265359
3.12,13.94,1481146556.49,3.14159265359
3.12,13.95,1481146556.53,3.14159265359
3.12,13.96,1481146556.53,3.14159265359
3.12,13.96,1481146556.57,3.14159265359
3.12,13.97,1481146556.57,3.14159265359
3.12,13.98,1481146556.61,3.14159265359
3.12,13.98,1481146556.61,3.14159265359
3.12,13.99,1481146556.65,3.14159265359
3.12,14.0,1481146556.65,3.14159265359
3.12,14.01,1481146556.69,0.0
3.12,14.01,1481146556.69,0.0
3.12,14.02,1481146556.73,0.0
3.12,14.03,1481146556.73,0.0
3.12,14.04,1481146556.77,0.0
3.12,14.04,1481146556.77,0.0
3.12,14.05,1481146556.81,0.0
3.12,14.06,1481146556.81,0.0
3.12,14.07,1481146556.85,0.0
3.12,14.07,1481146556.85,0.0
3.12,14.08,1481146556.89,0.0
3.12,14.09,1481146556.89,0.0
3.12,14.1,1481146556.93,0.0
3.12,14.1,1481146556.93,0.0
3.12,14.11,1481146556.97,0.0
3.12,14.12,1481146556.97,0.0
3.12,14.13,1481146557.01,0.0
3.12,14.13,1481146557.01,0.0
3.12,14.14,1481146557.05,0.0
3.12,14.15,1481146557.05,3.14159265359
3.12,14.16,1481146557.09,3.14159265359
3.12,14.16,1481146557.09,3.14159265359
3.12,14.17,1481146557.13,3.14159265359
3.12,14.18,1481146557.13,3.14159265359
3.12,14.19,1481146557.17,3.14159265359
3.12,14.19,1481146557.17,3.14159265359
3.12,14.2,1481146557.21,3.14159265359
3.12,14.21,1481146557.21,3.14159265359
3.12,14.22,1481146557.25,3.14159265359
3.12,14.23,1481146557.25,3.14159265359
3.12,14.23,1481146557.29,3.14159265359
3.12,14.24,1481146557.29,3.14159265359
3.12,14.25,1481146557.33,3.14159265359
3.12,14.25,1481146557.33,3.14159265359
3.12,14.26,1481146557.37,3.14159265359
3.12,14.27,1481146557.37,3.14159265359
3.12,14.28,1481146557.41,3.14159265359
3.12,14.29,1481146557.41,3.14159265359
3.11,14.29,1481146557.45,3.14159265359
3.11,14.3,1481146557.45,3.14159265359
3.11,14.31,1481146557.49,3.14159265359
3.11,14.32,1481146557.49,3.14159265359
3.11,14.33,1481146557.53,3.14159265359
3.11,14.33,1481146557.53,3.14159265359
3.11,14.34,1481146557.53,3.14159265359
3.11,14.35,1481146557.57,3.14159265359
3.11,14.36,1481146557.57,3.14159265359
3.11,14.37,1481146557.59,3.14159265359
3.11,14.38,1481146557.61,3.14159265359
3.11,14.38,1481146557.65,3.14159265359
3.11,14.39,1481146557.65,3.14159265359
3.11,14.4,1481146557.69,3.14159265359
3.11,14.41,1481146557.69,3.14159265359
3.11,14.42,1481146557.73,3.14159265359
3.11,14.42,1481146557.73,3.14159265359
3.11,14.43,1481146557.77,3.14159265359
3.11,14.44,1481146557.77,3.14159265359
3.11,14.45,1481146557.81,0.0
3.11,14.46,1481146557.82,0.0
3.11,14.46,1481146557.85,0.0
3.11,14.47,1481146557.86,0.0
3.11,14.48,1481146557.89,0.0
3.11,14.49,1481146557.89,0.0
3.11,14.5,1481146557.93,3.14159265359
3.11,14.5,1481146557.93,3.14159265359
3.11,14.51,1481146557.97,3.14159265359
3.11,14.52,1481146557.98,3.14159265359
3.11,14.53,1481146558.01,3.14159265359
3.11,14.53,1481146558.01,3.14159265359
3.11,14.54,1481146558.05,3.14159265359
3.11,14.55,1481146558.05,3.14159265359
3.11,14.56,1481146558.09,3.14159265359
3.11,14.56,1481146558.09,0.0
3.11,14.57,1481146558.13,0.0
3.11,14.58,1481146558.13,0.0
3.11,14.59,1481146558.17,3.14159265359
3.11,14.6,1481146558.17,3.14159265359
3.11,14.6,1481146558.21,3.14159265359
3.11,14.61,1481146558.22,3.14159265359
3.1,14.62,1481146558.25,3.14159265359
3.1,14.63,1481146558.25,3.14159265359
3.1,14.63,1481146558.29,3.14159265359
3.1,14.64,1481146558.29,3.14159265359
3.1,14.65,1481146558.33,3.14159265359
3.1,14.66,1481146558.34,3.14159265359
3.1,14.67,1481146558.37,3.14159265359
3.1,14.67,1481146558.38,3.14159265359
3.1,14.68,1481146558.41,3.14159265359
3.1,14.69,1481146558.41,3.14159265359
3.1,14.7,1481146558.45,3.14159265359
3.1,14.7,1481146558.45,3.14159265359
3.1,14.71,1481146558.49,0.0
3.1,14.72,1481146558.49,0.0
3.1,14.73,1481146558.53,0.0
3.1,14.73,1481146558.53,0.0
3.1,14.74,1481146558.57,0.0
3.1,14.75,1481146558.57,0.0
3.1,14.75,1481146558.61,0.0
3.1,14.76,1481146558.62,0.0
3.11,14.77,1481146558.65,0.0
3.11,14.77,1481146558.66,0.0
3.11,14.78,1481146558.69,0.0
3.11,14.79,1481146558.7,0.0
3.11,14.79,1481146558.73,0.0
3.11,14.8,1481146558.73,0.0
3.11,14.81,1481146558.77,0.0
3.11,14.81,1481146558.78,3.14159265359
3.11,14.82,1481146558.81,3.14159265359
3.11,14.83,1481146558.81,3.14159265359
3.11,14.84,1481146558.85,3.14159265359
3.11,14.84,1481146558.85,3.14159265359
3.11,14.85,1481146558.89,3.14159265359
3.11,14.86,1481146558.89,3.14159265359
3.1,14.87,1481146558.93,3.14159265359
3.1,14.87,1481146558.93,3.14159265359
3.1,14.88,1481146558.97,3.14159265359
3.1,14.89,1481146558.97,3.14159265359
3.1,14.89,1481146559.01,3.14159265359
3.1,14.9,1481146559.01,3.14159265359
3.09,14.9,1481146559.05,3.14159265359
3.09,14.91,1481146559.05,3.14159265359
3.09,14.92,1481146559.09,3.14159265359
3.09,14.93,1481146559.09,0.0
3.09,14.94,1481146559.13,0.0
3.1,14.95,1481146559.13,0.0
3.1,14.96,1481146559.17,0.0
3.11,14.97,1481146559.17,0.0
3.11,14.98,1481146559.21,0.0
3.11,14.98,1481146559.21,0.0
3.12,14.99,1481146559.25,0.0
3.12,15.0,1481146559.25,0.0
3.12,15.0,1481146559.29,0.0
3.12,15.01,1481146559.29,0.0
3.12,15.01,1481146559.33,0.0
3.13,15.01,1481146559.33,0.0
3.13,15.02,1481146559.37,0.0
3.13,15.02,1481146559.37,0.0
3.13,15.02,1481146559.41,0.0
3.14,15.02,1481146559.41,0.0
3.14,15.02,1481146559.45,0.0
3.15,15.02,1481146559.45,0.0
3.15,15.02,1481146559.49,0.0
3.16,15.02,1481146559.5,0.0
3.16,15.01,1481146559.53,0.0
3.17,15.01,1481146559.53,0.0
3.17,15.01,1481146559.57,0.0
3.18,15.01,1481146559.57,0.0
3.18,15.01,1481146559.61,0.0
3.19,15.01,1481146559.61,0.0
3.2,15.01,1481146559.65,0.0
3.2,15.0,1481146559.65,0.0
3.21,15.0,1481146559.69,0.0
3.22,15.0,1481146559.69,0.0
3.22,15.0,1481146559.73,0.0
3.23,15.0,1481146559.73,0.0
3.24,15.0,1481146559.77,0.0
3.24,15.0,1481146559.77,0.0
3.25,14.99,1481146559.81,0.0
3.26,14.99,1481146559.81,0.0
3.27,14.99,1481146559.85,0.0
3.27,14.99,1481146559.85,0.0
3.28,14.99,1481146559.89,0.0
3.29,14.99,1481146559.89,0.0
3.29,14.99,1481146559.93,0.0
3.3,14.99,1481146559.93,0.0
3.31,14.99,1481146559.97,0.0
3.32,14.99,1481146559.97,0.0
3.32,14.99,1481146560.01,0.0
3.33,14.99,1481146560.01,0.0
3.34,14.99,1481146560.05,0.0
3.34,14.99,1481146560.06,0.0
3.35,14.99,1481146560.09,0.0
3.36,14.99,1481146560.09,0.0
3.36,14.99,1481146560.13,0.0
3.37,14.99,1481146560.13,0.0
3.38,14.99,1481146560.17,0.0
3.39,14.99,1481146560.17,0.0
3.39,14.99,1481146560.21,0.0
3.4,14.99,1481146560.22,0.0
3.41,14.99,1481146560.25,0.0
3.42,14.99,1481146560.25,0.0
3.42,14.99,1481146560.29,0.0
3.43,14.99,1481146560.29,0.0
3.44,14.99,1481146560.33,0.0
3.45,14.99,1481146560.33,0.0
3.45,14.99,1481146560.37,0.0
3.46,14.99,1481146560.37,0.0
3.47,14.99,1481146560.41,0.0
3.48,14.99,1481146560.41,0.0
3.48,14.99,1481146560.45,0.0
3.49,14.99,1481146560.46,0.0
3.5,14.99,1481146560.49,0.0
3.51,14.99,1481146560.5,0.0
3.52,14.99,1481146560.53,0.0
3.52,14.99,1481146560.53,0.0
3.53,14.98,1481146560.57,0.0
3.54,14.98,1481146560.58,0.0
3.55,14.98,1481146560.61,0.0
3.56,14.98,1481146560.61,0.0
3.57,14.98,1481146560.65,0.0
3.57,14.98,1481146560.65,0.0
3.58,14.98,1481146560.69,0.0
3.59,14.98,1481146560.69,0.0
3.6,14.98,1481146560.73,0.0
3.61,14.98,1481146560.74,0.0
3.61,14.98,1481146560.77,0.0
3.62,14.98,1481146560.77,0.0
3.63,14.98,1481146560.81,0.0
3.64,14.98,1481146560.82,0.0
3.65,14.98,1481146560.85,0.0
3.66,14.98,1481146560.85,0.0
3.67,14.98,1481146560.89,0.0
3.67,14.98,1481146560.89,0.0
3.68,14.98,1481146560.93,0.0
3.69,14.98,1481146560.93,0.0
3.7,14.97,1481146560.97,0.0
3.71,14.97,1481146560.98,0.0
3.72,14.97,1481146561.01,0.0
3.72,14.97,1481146561.02,0.0
3.73,14.97,1481146561.05,0.0
3.74,14.97,1481146561.05,0.0
3.75,14.97,1481146561.09,0.0
3.76,14.97,1481146561.09,0.0
3.76,14.97,1481146561.13,0.0
3.77,14.97,1481146561.13,0.0
3.78,14.97,1481146561.17,0.0
3.79,14.97,1481146561.17,0.0
3.8,14.97,1481146561.21,0.0
3.81,14.97,1481146561.21,0.0
3.81,14.98,1481146561.25,0.0
3.82,14.98,1481146561.26,0.0
3.83,14.98,1481146561.29,0.0
3.84,14.98,1481146561.29,0.0
3.84,14.97,1481146561.33,0.0
3.84,14.97,1481146561.33,0.0
3.85,14.97,1481146561.37,0.0
3.86,14.97,1481146561.37,0.0
3.87,14.97,1481146561.41,0.0
3.88,14.98,1481146561.41,0.0
3.89,14.98,1481146561.45,0.0
3.9,14.98,1481146561.45,0.0
3.9,14.99,1481146561.49,0.0
3.91,14.99,1481146561.49,0.0
3.91,14.99,1481146561.53,0.0
3.92,15.0,1481146561.53,0.0
3.92,15.0,1481146561.57,0.0
3.92,15.01,1481146561.57,0.0
3.92,15.02,1481146561.61,0.0
3.92,15.02,1481146561.61,3.14159265359
3.92,15.03,1481146561.65,3.14159265359
3.92,15.03,1481146561.65,3.14159265359
3.92,15.04,1481146561.69,3.14159265359
3.92,15.03,1481146561.69,3.14159265359
3.91,15.03,1481146561.73,3.14159265359
3.91,15.03,1481146561.73,3.14159265359
3.91,15.03,1481146561.77,3.14159265359
3.9,15.03,1481146561.77,3.14159265359
3.9,15.03,1481146561.81,3.14159265359
3.89,15.03,1481146561.81,3.14159265359
3.89,15.03,1481146561.85,3.14159265359
3.89,15.03,1481146561.85,3.14159265359
3.89,15.03,1481146561.89,3.14159265359
3.88,15.03,1481146561.89,3.14159265359
3.88,15.03,1481146561.93,3.14159265359
3.88,15.03,1481146561.93,3.14159265359
3.88,15.03,1481146561.97,0.0
3.88,15.03,1481146561.98,0.0
3.88,15.03,1481146562.01,0.0
3.89,15.03,1481146562.05,0.0
3.89,15.03,1481146562.06,0.0
3.89,15.03,1481146562.06,0.0
3.89,15.03,1481146562.09,0.0
3.89,15.03,1481146562.09,0.0
3.89,15.03,1481146562.11,0.0
3.89,15.03,1481146562.13,0.0
3.89,15.03,1481146562.17,3.14159265359
3.89,15.03,1481146562.21,3.14159265359
3.89,15.03,1481146562.21,3.14159265359
3.89,15.03,1481146562.25,3.14159265359
3.89,15.03,1481146562.25,3.14159265359
3.89,15.03,1481146562.29,3.14159265359
3.89,15.03,1481146562.29,3.14159265359
3.89,15.03,1481146562.29,3.14159265359
3.89,15.03,1481146562.33,3.14159265359
3.89,15.03,1481146562.33,0.0
3.89,15.03,1481146562.35,0.0
3.89,15.03,1481146562.37,0.0
3.89,15.03,1481146562.41,0.0
3.89,15.03,1481146562.41,3.14159265359
3.89,15.03,1481146562.45,3.14159265359
3.89,15.03,1481146562.45,3.14159265359
3.89,15.03,1481146562.49,3.14159265359
3.89,15.03,1481146562.49,0.0
3.89,15.03,1481146562.53,0.0
3.89,15.03,1481146562.53,0.0
3.89,15.03,1481146562.57,0.0
3.89,15.03,1481146562.57,3.14159265359
3.89,15.03,1481146562.61,0.0
3.89,15.03,1481146562.61,0.0
3.89,15.03,1481146562.65,0.0
3.89,15.03,1481146562.65,0.0
3.89,15.03,1481146562.69,0.0
3.89,15.03,1481146562.71,0.0
3.89,15.03,1481146562.75,0.0
3.89,15.03,1481146562.75,0.0
3.89,15.03,1481146562.79,0.0
3.89,15.03,1481146562.79,0.0
3.89,15.03,1481146562.83,0.0
3.89,15.03,1481146562.83,0.0
3.89,15.03,1481146562.87,0.0
3.89,15.03,1481146562.87,0.0
3.89,15.03,1481146562.91,0.0
3.89,15.03,1481146562.91,0.0
3.89,15.03,1481146562.95,0.0
3.89,15.03,1481146562.95,0.0
3.89,15.03,1481146562.99,0.0
3.89,15.03,1481146562.99,0.0
3.89,15.03,1481146563.03,0.0
3.89,15.03,1481146563.03,0.0
3.89,15.03,1481146563.03,0.0
3.89,15.03,1481146563.07,0.0
3.89,15.03,1481146563.07,0.0
3.89,15.03,1481146563.09,0.0
3.89,15.03,1481146563.11,0.0
3.89,15.03,1481146563.15,0.0
3.89,15.03,1481146563.15,0.0
3.89,15.03,1481146563.19,0.0
3.89,15.03,1481146563.19,0.0
3.89,15.03,1481146563.24,0.0
3.89,15.03,1481146563.24,0.0
3.89,15.03,1481146563.28,0.0
3.89,15.03,1481146563.28,0.0
3.89,15.03,1481146563.32,0.0
3.89,15.03,1481146563.32,0.0
3.89,15.03,1481146563.36,0.0
3.89,15.03,1481146563.36,0.0
3.89,15.03,1481146563.4,0.0
3.89,15.03,1481146563.4,0.0
3.89,15.03,1481146563.44,0.0
3.89,15.03,1481146563.44,0.0
3.89,15.03,1481146563.48,0.0
3.89,15.03,1481146563.48,0.0
3.89,15.03,1481146563.52,0.0
3.89,15.03,1481146563.52,0.0
3.89,15.03,1481146563.56,0.0
3.89,15.03,1481146563.56,0.0
3.89,15.03,1481146563.6,0.0
3.89,15.03,1481146563.6,0.0
3.89,15.03,1481146563.64,0.0
3.89,15.03,1481146563.64,0.0
3.89,15.03,1481146563.68,0.0
3.89,15.03,1481146563.68,0.0
3.89,15.03,1481146563.72,0.0
3.89,15.03,1481146563.72,0.0
3.89,15.03,1481146563.76,0.0
3.89,15.03,1481146563.76,0.0
3.89,15.03,1481146563.8,0.0
3.89,15.03,1481146563.8,0.0
3.89,15.03,1481146563.84,0.0
3.89,15.03,1481146563.84,0.0
3.89,15.03,1481146563.88,0.0
3.89,15.03,1481146563.88,0.0
3.89,15.03,1481146563.92,0.0
3.89,15.03,1481146563.92,0.0
3.89,15.03,1481146563.96,0.0
3.89,15.03,1481146563.96,0.0
3.89,15.03,1481146564.0,0.0
3.89,15.03,1481146564.0,0.0
3.89,15.03,1481146564.04,0.0
3.89,15.03,1481146564.04,0.0
3.89,15.03,1481146564.08,0.0
3.89,15.03,1481146564.08,0.0
3.89,15.03,1481146564.12,0.0
3.89,15.03,1481146564.12,0.0
3.89,15.03,1481146564.16,0.0
3.89,15.03,1481146564.16,0.0
3.89,15.03,1481146564.2,0.0
3.89,15.03,1481146564.2,0.0
3.89,15.03,1481146564.24,0.0
3.89,15.03,1481146564.24,0.0
3.89,15.03,1481146564.28,0.0
3.89,15.03,1481146564.28,0.0
3.89,15.03,1481146564.32,0.0
3.89,15.03,1481146564.32,0.0
3.89,15.03,1481146564.36,0.0
3.89,15.03,1481146564.36,0.0
3.89,15.03,1481146564.4,0.0
3.89,15.03,1481146564.4,0.0
3.89,15.03,1481146564.44,0.0
3.89,15.03,1481146564.44,0.0
3.89,15.03,1481146564.48,0.0
3.89,15.03,1481146564.48,0.0
3.89,15.03,1481146564.52,0.0
3.89,15.03,1481146564.53,0.0
3.89,15.03,1481146564.56,0.0
3.89,15.03,1481146564.56,0.0
3.89,15.03,1481146564.6,0.0
3.89,15.03,1481146564.6,0.0
3.89,15.03,1481146564.64,0.0
3.89,15.03,1481146564.64,0.0
3.89,15.03,1481146564.68,0.0
3.89,15.03,1481146564.68,0.0
3.89,15.03,1481146564.72,0.0
3.89,15.03,1481146564.72,0.0
3.89,15.03,1481146564.76,0.0
3.89,15.03,1481146564.76,0.0
