1.31,1.46,1481051124.31,0.0
1.31,1.46,1481051124.33,0.0
1.31,1.46,1481051124.36,0.0
1.31,1.46,1481051124.37,0.0
1.31,1.46,1481051124.41,0.0
1.31,1.46,1481051124.41,0.0
1.31,1.46,1481051124.43,0.0
1.31,1.46,1481051124.45,0.0
1.31,1.46,1481051124.47,0.0
1.31,1.46,1481051124.49,0.0
1.31,1.46,1481051124.51,0.0
1.31,1.46,1481051124.53,0.0
1.31,1.46,1481051124.55,0.0
1.31,1.46,1481051124.58,0.0
1.31,1.46,1481051124.59,0.0
1.31,1.46,1481051124.61,0.0
1.31,1.46,1481051124.63,0.0
1.31,1.46,1481051124.65,0.0
1.31,1.46,1481051124.67,0.0
1.31,1.46,1481051124.69,0.0
1.31,1.46,1481051124.74,0.0
1.31,1.46,1481051124.76,0.0
1.31,1.46,1481051124.77,0.0
1.31,1.46,1481051124.77,0.0
1.31,1.46,1481051124.79,0.0
1.31,1.46,1481051124.81,0.0
1.31,1.46,1481051124.83,0.0
1.31,1.46,1481051124.85,0.0
1.31,1.46,1481051124.88,0.0
1.31,1.46,1481051124.89,0.0
1.31,1.46,1481051124.91,0.0
1.31,1.46,1481051124.93,0.0
1.31,1.46,1481051124.95,0.0
1.31,1.46,1481051124.97,0.0
1.31,1.46,1481051124.99,0.0
1.31,1.46,1481051125.01,0.0
1.31,1.46,1481051125.03,0.0
1.31,1.46,1481051125.05,0.0
1.31,1.46,1481051125.07,0.0
1.31,1.46,1481051125.1,0.0
1.31,1.46,1481051125.11,0.0
1.31,1.46,1481051125.13,0.0
1.31,1.46,1481051125.15,0.0
1.31,1.46,1481051125.17,0.0
1.31,1.46,1481051125.19,0.0
1.31,1.46,1481051125.21,0.0
1.31,1.46,1481051125.23,0.0
1.31,1.46,1481051125.25,0.0
1.31,1.46,1481051125.27,0.0
1.31,1.46,1481051125.29,0.0
1.31,1.46,1481051125.31,0.0
1.31,1.46,1481051125.33,0.0
1.31,1.46,1481051125.35,0.0
1.31,1.46,1481051125.37,0.0
1.31,1.46,1481051125.39,0.0
1.31,1.46,1481051125.41,0.0
1.31,1.46,1481051125.43,0.0
1.31,1.46,1481051125.45,0.0
1.31,1.46,1481051125.47,0.0
1.31,1.46,1481051125.49,0.0
1.31,1.46,1481051125.51,0.0
1.31,1.46,1481051125.53,0.0
1.31,1.46,1481051125.56,0.0
1.31,1.46,1481051125.57,0.0
1.31,1.46,1481051125.59,0.0
1.31,1.46,1481051125.62,0.0
1.31,1.46,1481051125.63,0.0
1.31,1.46,1481051125.65,0.0
1.31,1.46,1481051125.69,0.0
1.31,1.46,1481051125.69,0.0
1.31,1.46,1481051125.71,0.0
1.31,1.46,1481051125.73,0.0
1.31,1.46,1481051125.75,0.0
1.31,1.46,1481051125.77,0.0
1.31,1.46,1481051125.79,0.0
1.31,1.46,1481051125.81,0.0
1.31,1.46,1481051125.83,0.0
1.31,1.46,1481051125.85,0.0
1.31,1.46,1481051125.87,0.0
1.31,1.46,1481051125.89,0.0
1.31,1.46,1481051125.92,0.0
1.31,1.46,1481051125.93,0.0
1.31,1.46,1481051125.95,0.0
1.31,1.46,1481051125.97,0.0
1.31,1.46,1481051125.99,0.0
1.31,1.46,1481051126.01,0.0
1.31,1.46,1481051126.03,0.0
1.31,1.46,1481051126.05,0.0
1.31,1.46,1481051126.07,0.0
1.31,1.46,1481051126.09,0.0
1.31,1.46,1481051126.11,0.0
1.31,1.46,1481051126.14,0.0
1.31,1.46,1481051126.15,0.0
1.31,1.46,1481051126.17,0.0
1.31,1.46,1481051126.19,0.0
1.31,1.46,1481051126.21,0.0
1.31,1.46,1481051126.23,0.0
1.31,1.46,1481051126.25,0.0
1.31,1.46,1481051126.27,0.0
1.31,1.46,1481051126.29,0.0
1.31,1.46,1481051126.31,0.0
1.31,1.46,1481051126.33,0.0
1.31,1.46,1481051126.36,0.0
1.31,1.46,1481051126.37,0.0
1.31,1.46,1481051126.39,0.0
1.31,1.46,1481051126.41,0.0
1.31,1.46,1481051126.43,0.0
1.31,1.46,1481051126.45,0.0
1.31,1.46,1481051126.47,0.0
1.31,1.46,1481051126.49,0.0
1.31,1.46,1481051126.51,0.0
1.31,1.46,1481051126.53,0.0
1.31,1.46,1481051126.55,0.0
1.31,1.46,1481051126.57,0.0
1.31,1.46,1481051126.59,0.0
1.31,1.46,1481051126.61,0.0
1.31,1.46,1481051126.63,0.0
1.31,1.46,1481051126.65,0.0
1.31,1.46,1481051126.67,0.0
1.31,1.46,1481051126.69,0.0
1.31,1.46,1481051126.71,0.0
1.31,1.46,1481051126.73,0.0
1.31,1.46,1481051126.75,0.0
1.31,1.46,1481051126.77,0.0
1.31,1.46,1481051126.79,0.0
1.31,1.46,1481051126.81,0.0
1.31,1.46,1481051126.83,0.0
1.31,1.46,1481051126.85,0.0
1.31,1.46,1481051126.88,0.0
1.31,1.46,1481051126.89,0.0
1.31,1.46,1481051126.91,0.0
1.31,1.46,1481051126.93,0.0
1.31,1.46,1481051126.97,0.0
1.31,1.46,1481051126.97,0.0
1.31,1.46,1481051126.99,0.0
1.31,1.46,1481051127.01,0.0
1.31,1.46,1481051127.03,0.0
1.31,1.46,1481051127.05,0.0
1.31,1.46,1481051127.07,0.0
1.31,1.46,1481051127.09,0.0
1.31,1.46,1481051127.11,0.0
1.31,1.46,1481051127.13,0.0
1.31,1.46,1481051127.15,0.0
1.31,1.46,1481051127.17,0.0
1.31,1.46,1481051127.19,0.0
1.31,1.46,1481051127.21,0.0
1.31,1.46,1481051127.23,0.0
1.31,1.46,1481051127.25,0.0
1.31,1.46,1481051127.28,0.0
1.31,1.46,1481051127.29,0.0
1.31,1.46,1481051127.31,0.0
1.31,1.46,1481051127.33,0.0
1.31,1.46,1481051127.35,0.0
1.31,1.46,1481051127.37,0.0
1.31,1.46,1481051127.4,0.0
1.31,1.46,1481051127.41,0.0
1.31,1.46,1481051127.43,0.0
1.31,1.46,1481051127.45,0.0
1.31,1.46,1481051127.47,0.0
1.31,1.46,1481051127.49,0.0
1.31,1.46,1481051127.51,0.0
1.31,1.46,1481051127.53,0.0
1.31,1.46,1481051127.55,0.0
1.31,1.46,1481051127.57,0.0
1.31,1.46,1481051127.59,0.0
1.31,1.46,1481051127.62,0.0
1.31,1.46,1481051127.63,0.0
1.31,1.46,1481051127.65,0.0
1.31,1.46,1481051127.67,0.0
1.31,1.46,1481051127.69,0.0
1.31,1.46,1481051127.71,0.0
1.31,1.46,1481051127.73,0.0
1.31,1.46,1481051127.75,0.0
1.31,1.46,1481051127.77,0.0
1.31,1.46,1481051127.79,0.0
1.31,1.46,1481051127.81,0.0
1.31,1.46,1481051127.83,0.0
1.31,1.46,1481051127.85,0.0
1.31,1.46,1481051127.87,0.0
1.31,1.46,1481051127.89,0.0
1.31,1.46,1481051127.91,0.0
1.31,1.46,1481051127.93,0.0
1.31,1.46,1481051127.95,0.0
1.31,1.46,1481051127.97,0.0
1.31,1.46,1481051127.99,0.0
1.31,1.46,1481051128.01,0.0
1.31,1.46,1481051128.04,0.0
1.31,1.46,1481051128.05,0.0
1.31,1.46,1481051128.07,0.0
1.31,1.46,1481051128.09,0.0
1.31,1.46,1481051128.11,0.0
1.31,1.46,1481051128.14,0.0
1.31,1.46,1481051128.15,0.0
1.31,1.46,1481051128.17,0.0
1.31,1.46,1481051128.19,0.0
1.31,1.46,1481051128.21,0.0
1.31,1.46,1481051128.25,0.0
1.31,1.46,1481051128.25,0.0
1.31,1.46,1481051128.27,0.0
1.31,1.46,1481051128.29,0.0
1.31,1.46,1481051128.32,0.0
1.31,1.46,1481051128.34,0.0
1.31,1.46,1481051128.36,0.0
1.31,1.46,1481051128.38,0.0
1.31,1.46,1481051128.4,0.0
1.31,1.46,1481051128.43,0.0
1.31,1.46,1481051128.47,0.0
1.31,1.46,1481051128.47,0.0
1.31,1.46,1481051128.51,0.0
1.31,1.46,1481051128.51,0.0
1.31,1.46,1481051128.55,0.0
1.31,1.46,1481051128.55,0.0
1.31,1.46,1481051128.6,0.0
1.31,1.46,1481051128.6,0.0
1.31,1.46,1481051128.6,0.0
1.31,1.46,1481051128.64,0.0
1.31,1.46,1481051128.64,0.0
1.31,1.46,1481051128.66,0.0
1.31,1.46,1481051128.68,0.0
1.31,1.46,1481051128.71,0.0
1.31,1.46,1481051128.75,0.0
1.31,1.46,1481051128.75,0.0
1.31,1.46,1481051128.79,0.0
1.31,1.46,1481051128.79,0.0
1.31,1.46,1481051128.83,0.0
1.31,1.46,1481051128.83,0.0
1.31,1.46,1481051128.87,0.0
1.31,1.46,1481051128.87,0.0
1.31,1.46,1481051128.91,0.0
1.31,1.46,1481051128.91,0.0
1.31,1.46,1481051128.95,0.0
1.31,1.46,1481051128.95,0.0
1.31,1.46,1481051128.99,0.0
1.31,1.46,1481051128.99,0.0
1.31,1.46,1481051129.03,0.0
1.31,1.46,1481051129.03,0.0
1.31,1.46,1481051129.07,0.0
1.31,1.46,1481051129.07,0.0
1.31,1.46,1481051129.11,0.0
1.31,1.46,1481051129.11,0.0
1.31,1.46,1481051129.15,0.0
1.31,1.46,1481051129.15,0.0
1.31,1.46,1481051129.19,0.0
1.31,1.46,1481051129.19,0.0
1.31,1.46,1481051129.23,0.0
1.31,1.46,1481051129.23,0.0
1.31,1.46,1481051129.27,0.0
1.31,1.46,1481051129.27,3.14159265359
1.31,1.46,1481051129.31,3.14159265359
1.31,1.46,1481051129.31,0.0
1.31,1.46,1481051129.35,0.0
1.31,1.46,1481051129.35,0.0
1.31,1.46,1481051129.39,0.0
1.31,1.47,1481051129.39,0.0
1.32,1.47,1481051129.43,0.0
1.32,1.47,1481051129.43,0.0
1.32,1.47,1481051129.47,0.0
1.32,1.47,1481051129.47,0.0
1.32,1.47,1481051129.51,0.0
1.32,1.48,1481051129.51,0.0
1.33,1.48,1481051129.55,0.0
1.33,1.48,1481051129.55,0.0
1.33,1.48,1481051129.59,0.0
1.33,1.48,1481051129.59,0.0
1.33,1.48,1481051129.63,0.0
1.34,1.48,1481051129.63,0.0
1.34,1.48,1481051129.67,0.0
1.34,1.48,1481051129.67,0.0
1.34,1.48,1481051129.71,0.0
1.34,1.48,1481051129.71,0.0
1.35,1.48,1481051129.75,0.0
1.35,1.48,1481051129.75,0.0
1.35,1.48,1481051129.79,0.0
1.35,1.49,1481051129.79,0.0
1.35,1.49,1481051129.83,0.0
1.36,1.49,1481051129.83,0.0
1.36,1.49,1481051129.87,0.0
1.36,1.49,1481051129.87,0.0
1.36,1.49,1481051129.91,0.0
1.36,1.49,1481051129.91,0.0
1.36,1.49,1481051129.95,0.0
1.36,1.49,1481051129.95,0.0
1.36,1.49,1481051129.99,0.0
1.36,1.49,1481051129.99,0.0
1.37,1.49,1481051130.03,0.0
1.37,1.49,1481051130.03,0.0
1.37,1.49,1481051130.07,0.0
1.37,1.49,1481051130.07,0.0
1.37,1.49,1481051130.11,0.0
1.37,1.49,1481051130.11,0.0
1.37,1.49,1481051130.15,0.0
1.37,1.49,1481051130.15,0.0
1.37,1.49,1481051130.19,0.0
1.37,1.49,1481051130.19,0.0
1.37,1.49,1481051130.23,0.0
1.37,1.49,1481051130.23,0.0
1.37,1.49,1481051130.27,0.0
1.37,1.49,1481051130.27,0.0
1.38,1.49,1481051130.31,0.0
1.38,1.49,1481051130.31,0.0
1.38,1.49,1481051130.35,0.0
1.38,1.49,1481051130.35,0.0
1.38,1.49,1481051130.39,0.0
1.38,1.49,1481051130.39,0.0
1.38,1.49,1481051130.43,0.0
1.38,1.49,1481051130.43,0.0
1.38,1.49,1481051130.47,0.0
1.38,1.49,1481051130.47,0.0
1.38,1.49,1481051130.51,0.0
1.38,1.49,1481051130.51,0.0
1.38,1.49,1481051130.56,0.0
1.39,1.49,1481051130.56,0.0
1.39,1.49,1481051130.6,0.0
1.39,1.49,1481051130.6,0.0
1.39,1.49,1481051130.6,0.0
1.39,1.5,1481051130.64,0.0
1.39,1.5,1481051130.64,0.0
1.39,1.5,1481051130.66,0.0
1.39,1.5,1481051130.68,0.0
1.39,1.5,1481051130.72,0.0
1.39,1.5,1481051130.72,0.0
1.4,1.5,1481051130.76,0.0
1.4,1.5,1481051130.76,0.0
1.4,1.5,1481051130.8,0.0
1.4,1.5,1481051130.84,0.0
1.41,1.5,1481051130.84,0.0
1.41,1.49,1481051130.84,0.0
1.41,1.49,1481051130.88,0.0
1.41,1.49,1481051130.88,0.0
1.42,1.49,1481051130.9,0.0
1.42,1.49,1481051130.92,0.0
1.43,1.49,1481051130.95,0.0
1.43,1.49,1481051130.99,0.0
1.43,1.49,1481051130.99,0.0
1.44,1.49,1481051131.03,0.0
1.44,1.49,1481051131.03,0.0
1.45,1.49,1481051131.07,0.0
1.45,1.49,1481051131.07,0.0
1.46,1.49,1481051131.11,0.0
1.46,1.49,1481051131.11,0.0
1.47,1.49,1481051131.15,0.0
1.47,1.49,1481051131.15,0.0
1.48,1.49,1481051131.19,0.0
1.49,1.49,1481051131.19,0.0
1.49,1.49,1481051131.23,0.0
1.5,1.49,1481051131.23,0.0
1.5,1.49,1481051131.27,0.0
1.51,1.49,1481051131.27,0.0
1.51,1.49,1481051131.31,0.0
1.52,1.49,1481051131.31,0.0
1.53,1.49,1481051131.35,0.0
1.53,1.49,1481051131.35,0.0
1.54,1.49,1481051131.39,0.0
1.54,1.49,1481051131.39,0.0
1.55,1.49,1481051131.43,0.0
1.56,1.49,1481051131.43,0.0
1.56,1.49,1481051131.47,0.0
1.57,1.49,1481051131.47,0.0
1.57,1.49,1481051131.51,0.0
1.58,1.49,1481051131.51,0.0
1.59,1.49,1481051131.55,0.0
1.59,1.49,1481051131.55,0.0
1.6,1.49,1481051131.59,0.0
1.6,1.49,1481051131.59,0.0
1.61,1.49,1481051131.63,0.0
1.62,1.49,1481051131.63,0.0
1.62,1.49,1481051131.67,0.0
1.63,1.49,1481051131.67,0.0
1.63,1.49,1481051131.71,0.0
1.64,1.49,1481051131.71,0.0
1.64,1.49,1481051131.75,0.0
1.65,1.49,1481051131.75,0.0
1.66,1.49,1481051131.79,0.0
1.66,1.49,1481051131.79,0.0
1.67,1.49,1481051131.83,0.0
1.67,1.49,1481051131.83,0.0
1.68,1.49,1481051131.87,0.0
1.68,1.49,1481051131.87,0.0
1.69,1.49,1481051131.91,0.0
1.69,1.49,1481051131.91,0.0
1.7,1.49,1481051131.95,3.14159265359
1.7,1.49,1481051131.95,0.0
1.7,1.49,1481051131.99,0.0
1.7,1.49,1481051131.99,0.0
1.71,1.49,1481051132.03,0.0
1.71,1.49,1481051132.03,0.0
1.72,1.49,1481051132.07,0.0
1.72,1.49,1481051132.07,0.0
1.73,1.49,1481051132.11,0.0
1.73,1.49,1481051132.11,0.0
1.74,1.5,1481051132.15,0.0
1.74,1.5,1481051132.15,0.0
1.74,1.5,1481051132.19,0.0
1.75,1.51,1481051132.19,0.0
1.75,1.51,1481051132.23,0.0
1.75,1.51,1481051132.23,0.0
1.75,1.52,1481051132.27,3.14159265359
1.75,1.52,1481051132.27,3.14159265359
1.75,1.52,1481051132.31,3.14159265359
1.74,1.52,1481051132.31,3.14159265359
1.74,1.52,1481051132.35,3.14159265359
1.74,1.53,1481051132.35,3.14159265359
1.74,1.53,1481051132.39,3.14159265359
1.74,1.53,1481051132.39,3.14159265359
1.74,1.53,1481051132.43,3.14159265359
1.74,1.53,1481051132.43,3.14159265359
1.73,1.54,1481051132.47,3.14159265359
1.73,1.54,1481051132.47,3.14159265359
1.73,1.54,1481051132.51,3.14159265359
1.73,1.54,1481051132.51,0.0
1.73,1.54,1481051132.55,0.0
1.73,1.54,1481051132.55,0.0
1.73,1.55,1481051132.59,0.0
1.73,1.55,1481051132.59,0.0
1.73,1.55,1481051132.63,0.0
1.74,1.55,1481051132.63,0.0
1.74,1.55,1481051132.67,0.0
1.74,1.55,1481051132.67,3.14159265359
1.74,1.56,1481051132.71,3.14159265359
1.74,1.56,1481051132.71,3.14159265359
1.74,1.56,1481051132.75,3.14159265359
1.73,1.56,1481051132.75,3.14159265359
1.73,1.56,1481051132.79,0.0
1.73,1.56,1481051132.79,0.0
1.74,1.56,1481051132.83,0.0
1.74,1.57,1481051132.83,0.0
1.73,1.57,1481051132.87,3.14159265359
1.73,1.57,1481051132.87,3.14159265359
1.73,1.57,1481051132.91,0.0
1.73,1.57,1481051132.91,0.0
1.73,1.57,1481051132.95,0.0
1.73,1.57,1481051132.95,0.0
1.73,1.57,1481051132.99,0.0
1.73,1.57,1481051132.99,0.0
1.73,1.57,1481051133.03,0.0
1.73,1.57,1481051133.03,0.0
1.73,1.57,1481051133.07,0.0
1.73,1.57,1481051133.07,0.0
1.73,1.57,1481051133.12,0.0
1.73,1.57,1481051133.12,0.0
1.73,1.57,1481051133.16,0.0
1.73,1.57,1481051133.16,0.0
1.73,1.57,1481051133.2,0.0
1.73,1.57,1481051133.2,0.0
1.73,1.57,1481051133.24,0.0
1.73,1.57,1481051133.24,0.0
1.73,1.57,1481051133.28,0.0
1.73,1.57,1481051133.28,0.0
1.73,1.57,1481051133.32,0.0
1.73,1.57,1481051133.32,0.0
1.73,1.57,1481051133.36,0.0
1.73,1.57,1481051133.36,0.0
1.73,1.57,1481051133.4,0.0
1.73,1.57,1481051133.4,0.0
1.73,1.57,1481051133.44,0.0
1.73,1.57,1481051133.44,0.0
1.73,1.57,1481051133.48,0.0
1.73,1.57,1481051133.48,0.0
1.73,1.57,1481051133.52,0.0
1.73,1.57,1481051133.52,0.0
1.73,1.57,1481051133.56,0.0
1.73,1.57,1481051133.56,0.0
1.73,1.57,1481051133.6,0.0
1.73,1.57,1481051133.6,0.0
1.73,1.57,1481051133.64,0.0
1.73,1.57,1481051133.64,0.0
1.73,1.57,1481051133.68,0.0
1.73,1.57,1481051133.68,0.0
1.73,1.57,1481051133.72,0.0
1.73,1.57,1481051133.72,0.0
1.73,1.57,1481051133.76,0.0
1.73,1.57,1481051133.76,0.0
1.73,1.57,1481051133.8,0.0
1.73,1.57,1481051133.8,0.0
1.73,1.57,1481051133.84,0.0
1.73,1.57,1481051133.84,0.0
1.73,1.57,1481051133.88,0.0
1.73,1.57,1481051133.88,0.0
1.73,1.57,1481051133.92,0.0
1.73,1.57,1481051133.92,0.0
1.73,1.57,1481051133.96,0.0
1.73,1.57,1481051133.96,0.0
1.73,1.57,1481051134.0,0.0
1.73,1.57,1481051134.0,0.0
1.73,1.57,1481051134.04,0.0
1.73,1.57,1481051134.04,0.0
1.73,1.57,1481051134.08,0.0
1.73,1.57,1481051134.08,0.0
1.73,1.57,1481051134.12,0.0
1.73,1.57,1481051134.12,0.0
1.73,1.57,1481051134.16,0.0
1.73,1.57,1481051134.16,0.0
1.73,1.57,1481051134.2,0.0
1.73,1.57,1481051134.2,0.0
1.73,1.57,1481051134.24,0.0
1.73,1.57,1481051134.24,0.0
1.73,1.57,1481051134.28,0.0
1.73,1.57,1481051134.28,0.0
1.73,1.57,1481051134.32,0.0
1.73,1.57,1481051134.32,0.0
1.73,1.57,1481051134.36,0.0
1.73,1.57,1481051134.36,0.0
1.73,1.57,1481051134.4,0.0
1.73,1.57,1481051134.4,0.0
1.73,1.57,1481051134.44,0.0
1.73,1.57,1481051134.44,0.0
1.73,1.57,1481051134.48,0.0
1.73,1.57,1481051134.48,0.0
1.73,1.57,1481051134.52,0.0
1.73,1.57,1481051134.52,0.0
1.73,1.57,1481051134.56,0.0
1.73,1.57,1481051134.56,0.0
1.73,1.57,1481051134.6,0.0
1.73,1.57,1481051134.6,0.0
1.73,1.57,1481051134.64,0.0
1.73,1.57,1481051134.64,0.0
1.73,1.57,1481051134.68,0.0
1.73,1.57,1481051134.68,0.0
1.73,1.57,1481051134.72,0.0
1.73,1.57,1481051134.72,0.0
1.73,1.57,1481051134.76,0.0
1.73,1.57,1481051134.76,0.0
1.73,1.57,1481051134.8,0.0
1.73,1.57,1481051134.8,0.0
1.73,1.57,1481051134.84,0.0
1.73,1.57,1481051134.84,0.0
1.73,1.57,1481051134.88,0.0
1.73,1.57,1481051134.88,0.0
1.73,1.57,1481051134.92,0.0
1.73,1.57,1481051134.92,0.0
1.73,1.57,1481051134.96,0.0
1.73,1.57,1481051134.96,0.0
1.73,1.57,1481051135.0,0.0
1.73,1.57,1481051135.0,0.0
1.73,1.57,1481051135.04,0.0
1.73,1.57,1481051135.04,0.0
1.73,1.57,1481051135.08,0.0
1.73,1.57,1481051135.08,0.0
1.73,1.57,1481051135.12,0.0
1.73,1.57,1481051135.12,0.0
1.73,1.57,1481051135.16,0.0
1.73,1.57,1481051135.16,0.0
1.73,1.57,1481051135.2,0.0
1.73,1.57,1481051135.2,0.0
1.73,1.57,1481051135.24,0.0
1.73,1.57,1481051135.24,0.0
1.73,1.57,1481051135.28,0.0
1.73,1.57,1481051135.28,0.0
1.73,1.57,1481051135.32,0.0
1.73,1.57,1481051135.32,0.0
1.73,1.57,1481051135.36,0.0
1.73,1.57,1481051135.36,0.0
1.73,1.57,1481051135.4,0.0
1.73,1.57,1481051135.4,0.0
1.73,1.57,1481051135.44,0.0
1.73,1.57,1481051135.44,0.0
1.73,1.57,1481051135.48,0.0
1.73,1.57,1481051135.48,0.0
1.73,1.57,1481051135.52,0.0
1.73,1.57,1481051135.52,0.0
1.73,1.57,1481051135.56,0.0
1.73,1.57,1481051135.56,0.0
1.73,1.57,1481051135.6,0.0
1.73,1.57,1481051135.6,0.0
1.73,1.57,1481051135.64,0.0
1.73,1.57,1481051135.64,0.0
1.73,1.57,1481051135.68,0.0
1.73,1.57,1481051135.68,0.0
1.73,1.57,1481051135.72,0.0
1.73,1.57,1481051135.72,0.0
1.73,1.57,1481051135.76,0.0
1.73,1.57,1481051135.76,0.0
1.73,1.57,1481051135.8,0.0
1.73,1.57,1481051135.8,0.0
1.73,1.57,1481051135.8,0.0
1.73,1.57,1481051135.84,0.0
1.73,1.57,1481051135.84,0.0
1.73,1.57,1481051135.86,0.0
1.73,1.57,1481051135.88,0.0
1.73,1.57,1481051135.92,0.0
1.73,1.57,1481051135.96,0.0
1.73,1.57,1481051135.96,0.0
1.73,1.57,1481051135.96,0.0
1.73,1.57,1481051136.0,0.0
1.73,1.57,1481051136.0,0.0
1.73,1.57,1481051136.02,0.0
1.73,1.57,1481051136.04,0.0
1.73,1.57,1481051136.08,0.0
1.73,1.57,1481051136.12,0.0
1.73,1.57,1481051136.12,0.0
1.73,1.57,1481051136.16,3.14159265359
1.73,1.57,1481051136.16,0.0
1.73,1.57,1481051136.2,0.0
1.73,1.57,1481051136.2,0.0
1.73,1.57,1481051136.24,3.14159265359
1.73,1.57,1481051136.24,3.14159265359
1.73,1.57,1481051136.28,3.14159265359
1.73,1.57,1481051136.28,3.14159265359
1.73,1.57,1481051136.32,3.14159265359
1.73,1.57,1481051136.32,3.14159265359
1.73,1.57,1481051136.36,3.14159265359
1.73,1.57,1481051136.36,3.14159265359
1.73,1.57,1481051136.4,3.14159265359
1.73,1.57,1481051136.4,3.14159265359
1.73,1.57,1481051136.44,3.14159265359
1.73,1.57,1481051136.44,3.14159265359
1.73,1.56,1481051136.48,3.14159265359
1.72,1.56,1481051136.48,3.14159265359
1.72,1.56,1481051136.52,3.14159265359
1.71,1.56,1481051136.52,3.14159265359
1.71,1.56,1481051136.56,3.14159265359
1.71,1.55,1481051136.56,3.14159265359
1.7,1.55,1481051136.6,3.14159265359
1.7,1.55,1481051136.6,3.14159265359
1.7,1.55,1481051136.64,3.14159265359
1.7,1.55,1481051136.64,3.14159265359
1.7,1.55,1481051136.68,3.14159265359
1.7,1.55,1481051136.68,3.14159265359
1.7,1.54,1481051136.72,0.0
1.7,1.54,1481051136.73,0.0
1.7,1.54,1481051136.77,0.0
1.7,1.53,1481051136.77,0.0
1.7,1.53,1481051136.77,0.0
1.7,1.53,1481051136.81,0.0
1.7,1.53,1481051136.81,0.0
1.7,1.52,1481051136.82,0.0
1.7,1.52,1481051136.84,0.0
1.7,1.52,1481051136.88,0.0
1.7,1.52,1481051136.92,0.0
1.7,1.52,1481051136.92,0.0
1.7,1.51,1481051136.96,0.0
1.7,1.51,1481051136.96,0.0
1.7,1.51,1481051137.0,0.0
1.7,1.51,1481051137.0,0.0
1.7,1.51,1481051137.04,0.0
1.7,1.51,1481051137.04,0.0
1.7,1.51,1481051137.08,0.0
1.7,1.5,1481051137.08,0.0
1.7,1.5,1481051137.12,0.0
1.7,1.5,1481051137.12,0.0
1.7,1.5,1481051137.16,0.0
1.7,1.5,1481051137.16,0.0
1.7,1.5,1481051137.2,0.0
1.7,1.5,1481051137.2,0.0
1.7,1.5,1481051137.24,0.0
1.7,1.5,1481051137.24,0.0
1.7,1.5,1481051137.28,0.0
1.7,1.49,1481051137.28,0.0
1.7,1.49,1481051137.32,0.0
1.7,1.49,1481051137.32,0.0
1.7,1.49,1481051137.36,0.0
1.7,1.49,1481051137.36,3.14159265359
1.7,1.49,1481051137.4,3.14159265359
1.7,1.49,1481051137.4,0.0
1.7,1.49,1481051137.44,0.0
1.7,1.49,1481051137.44,3.14159265359
1.7,1.49,1481051137.48,0.0
1.7,1.49,1481051137.48,3.14159265359
1.7,1.49,1481051137.52,3.14159265359
1.7,1.48,1481051137.52,3.14159265359
1.7,1.48,1481051137.56,3.14159265359
1.7,1.48,1481051137.56,3.14159265359
1.7,1.48,1481051137.6,3.14159265359
1.7,1.48,1481051137.6,3.14159265359
1.7,1.48,1481051137.64,0.0
1.7,1.48,1481051137.64,0.0
1.7,1.48,1481051137.68,0.0
1.7,1.48,1481051137.68,0.0
1.7,1.48,1481051137.72,0.0
1.7,1.48,1481051137.72,0.0
1.71,1.47,1481051137.76,0.0
1.71,1.47,1481051137.76,0.0
1.71,1.47,1481051137.8,0.0
1.71,1.47,1481051137.8,0.0
1.71,1.47,1481051137.84,0.0
1.71,1.47,1481051137.84,0.0
1.71,1.47,1481051137.88,0.0
1.71,1.46,1481051137.88,0.0
1.71,1.46,1481051137.92,0.0
1.71,1.46,1481051137.92,0.0
1.71,1.46,1481051137.96,0.0
1.71,1.46,1481051137.96,0.0
1.71,1.45,1481051138.0,0.0
1.71,1.45,1481051138.0,0.0
1.71,1.45,1481051138.04,0.0
1.71,1.45,1481051138.04,0.0
1.71,1.45,1481051138.08,0.0
1.71,1.44,1481051138.08,0.0
1.71,1.44,1481051138.12,0.0
1.71,1.44,1481051138.12,0.0
1.71,1.44,1481051138.16,0.0
1.71,1.44,1481051138.16,0.0
1.71,1.43,1481051138.2,0.0
1.71,1.43,1481051138.2,0.0
1.71,1.43,1481051138.24,0.0
1.71,1.42,1481051138.24,0.0
1.71,1.42,1481051138.28,0.0
1.71,1.42,1481051138.28,0.0
1.71,1.41,1481051138.32,0.0
1.71,1.41,1481051138.32,0.0
1.71,1.4,1481051138.36,0.0
1.72,1.4,1481051138.36,0.0
1.72,1.4,1481051138.4,0.0
1.72,1.39,1481051138.4,0.0
1.72,1.39,1481051138.44,0.0
1.72,1.39,1481051138.44,0.0
1.72,1.38,1481051138.48,0.0
1.72,1.38,1481051138.48,0.0
1.72,1.38,1481051138.52,0.0
1.72,1.37,1481051138.52,0.0
1.72,1.37,1481051138.56,0.0
1.72,1.36,1481051138.56,0.0
1.72,1.36,1481051138.6,0.0
1.72,1.36,1481051138.6,0.0
1.72,1.35,1481051138.64,0.0
1.72,1.35,1481051138.64,0.0
1.72,1.35,1481051138.68,0.0
1.72,1.34,1481051138.68,0.0
1.72,1.34,1481051138.72,0.0
1.72,1.33,1481051138.72,0.0
1.72,1.33,1481051138.76,0.0
1.72,1.32,1481051138.76,0.0
1.72,1.32,1481051138.8,0.0
1.73,1.32,1481051138.8,0.0
1.73,1.31,1481051138.84,0.0
1.73,1.31,1481051138.84,0.0
1.73,1.3,1481051138.88,0.0
1.73,1.3,1481051138.88,0.0
1.73,1.29,1481051138.92,0.0
1.73,1.29,1481051138.92,0.0
1.73,1.28,1481051138.96,0.0
1.73,1.28,1481051138.96,0.0
1.73,1.27,1481051139.0,0.0
1.73,1.27,1481051139.0,0.0
1.73,1.26,1481051139.04,0.0
1.73,1.26,1481051139.04,0.0
1.73,1.25,1481051139.08,0.0
1.73,1.25,1481051139.08,0.0
1.73,1.25,1481051139.12,0.0
1.73,1.24,1481051139.12,0.0
1.73,1.24,1481051139.16,0.0
1.73,1.23,1481051139.16,0.0
1.73,1.23,1481051139.2,0.0
1.74,1.22,1481051139.2,0.0
1.74,1.22,1481051139.24,0.0
1.74,1.21,1481051139.24,0.0
1.74,1.21,1481051139.28,0.0
1.74,1.2,1481051139.28,0.0
1.74,1.2,1481051139.32,0.0
1.74,1.2,1481051139.32,0.0
1.74,1.19,1481051139.32,0.0
1.74,1.19,1481051139.36,0.0
1.74,1.18,1481051139.36,0.0
1.74,1.18,1481051139.38,0.0
1.74,1.17,1481051139.4,0.0
1.74,1.17,1481051139.44,0.0
1.74,1.16,1481051139.48,0.0
1.74,1.16,1481051139.48,0.0
1.74,1.15,1481051139.52,0.0
1.74,1.15,1481051139.52,0.0
1.74,1.14,1481051139.56,0.0
1.74,1.14,1481051139.56,0.0
1.74,1.13,1481051139.6,0.0
1.74,1.13,1481051139.6,0.0
1.74,1.12,1481051139.64,0.0
1.74,1.12,1481051139.64,0.0
1.74,1.11,1481051139.68,0.0
1.74,1.11,1481051139.68,0.0
1.74,1.11,1481051139.72,0.0
1.74,1.1,1481051139.72,0.0
1.74,1.1,1481051139.76,0.0
1.74,1.09,1481051139.76,0.0
1.75,1.09,1481051139.8,0.0
1.75,1.08,1481051139.8,0.0
1.75,1.08,1481051139.84,0.0
1.75,1.07,1481051139.84,0.0
1.75,1.07,1481051139.88,0.0
1.75,1.06,1481051139.88,0.0
1.75,1.06,1481051139.92,0.0
1.75,1.05,1481051139.92,0.0
1.75,1.05,1481051139.96,0.0
1.75,1.04,1481051139.96,0.0
1.75,1.04,1481051140.0,0.0
1.75,1.03,1481051140.0,0.0
1.75,1.03,1481051140.04,0.0
1.75,1.02,1481051140.04,0.0
1.75,1.02,1481051140.08,0.0
1.75,1.02,1481051140.08,0.0
1.75,1.01,1481051140.12,0.0
1.75,1.01,1481051140.12,0.0
1.76,1.0,1481051140.16,0.0
1.76,1.0,1481051140.16,0.0
1.76,0.99,1481051140.2,0.0
1.76,0.99,1481051140.2,0.0
1.76,0.98,1481051140.24,0.0
1.76,0.98,1481051140.24,0.0
1.76,0.97,1481051140.28,0.0
1.76,0.97,1481051140.28,3.14159265359
1.76,0.96,1481051140.32,3.14159265359
1.76,0.96,1481051140.32,3.14159265359
1.76,0.95,1481051140.36,3.14159265359
1.76,0.95,1481051140.36,3.14159265359
1.76,0.94,1481051140.4,3.14159265359
1.76,0.94,1481051140.4,3.14159265359
1.75,0.93,1481051140.44,3.14159265359
1.75,0.93,1481051140.44,3.14159265359
1.75,0.92,1481051140.48,0.0
1.75,0.92,1481051140.48,0.0
1.75,0.91,1481051140.52,0.0
1.75,0.91,1481051140.52,0.0
1.76,0.91,1481051140.56,0.0
1.76,0.9,1481051140.56,0.0
1.76,0.9,1481051140.6,0.0
1.76,0.9,1481051140.6,0.0
1.76,0.89,1481051140.64,0.0
1.76,0.89,1481051140.64,0.0
1.76,0.89,1481051140.68,3.14159265359
1.76,0.88,1481051140.68,3.14159265359
1.76,0.87,1481051140.72,3.14159265359
1.76,0.87,1481051140.72,3.14159265359
1.75,0.87,1481051140.76,3.14159265359
1.75,0.86,1481051140.76,3.14159265359
1.75,0.86,1481051140.8,3.14159265359
1.75,0.85,1481051140.8,3.14159265359
1.75,0.85,1481051140.84,3.14159265359
1.74,0.85,1481051140.84,3.14159265359
1.74,0.85,1481051140.88,3.14159265359
1.74,0.85,1481051140.88,3.14159265359
1.73,0.85,1481051140.92,3.14159265359
1.73,0.85,1481051140.92,3.14159265359
1.73,0.85,1481051140.96,3.14159265359
1.73,0.85,1481051140.96,3.14159265359
1.73,0.85,1481051141.0,3.14159265359
1.73,0.84,1481051141.0,3.14159265359
1.73,0.84,1481051141.04,0.0
1.73,0.84,1481051141.04,0.0
1.73,0.84,1481051141.08,0.0
1.73,0.84,1481051141.08,0.0
1.73,0.84,1481051141.12,0.0
1.73,0.84,1481051141.12,0.0
1.73,0.83,1481051141.16,0.0
1.73,0.83,1481051141.16,0.0
1.73,0.83,1481051141.2,0.0
1.73,0.83,1481051141.2,0.0
1.73,0.83,1481051141.24,0.0
1.73,0.83,1481051141.24,0.0
1.73,0.83,1481051141.28,0.0
1.73,0.83,1481051141.28,0.0
1.73,0.83,1481051141.32,0.0
1.73,0.83,1481051141.32,0.0
1.74,0.83,1481051141.32,0.0
1.74,0.83,1481051141.36,0.0
1.74,0.83,1481051141.36,0.0
1.74,0.83,1481051141.38,0.0
1.74,0.83,1481051141.4,0.0
1.74,0.83,1481051141.44,0.0
1.74,0.83,1481051141.48,0.0
1.74,0.83,1481051141.48,0.0
1.74,0.83,1481051141.52,0.0
1.74,0.83,1481051141.52,0.0
1.74,0.83,1481051141.56,0.0
1.74,0.83,1481051141.56,0.0
1.74,0.83,1481051141.6,0.0
1.74,0.82,1481051141.6,0.0
1.74,0.82,1481051141.64,0.0
1.74,0.82,1481051141.64,0.0
1.74,0.82,1481051141.68,0.0
1.74,0.82,1481051141.68,0.0
1.74,0.82,1481051141.72,0.0
1.74,0.82,1481051141.72,0.0
1.74,0.82,1481051141.76,0.0
1.74,0.82,1481051141.76,0.0
1.74,0.82,1481051141.8,0.0
1.74,0.82,1481051141.8,0.0
1.74,0.82,1481051141.84,0.0
1.74,0.82,1481051141.84,0.0
1.74,0.82,1481051141.88,0.0
1.74,0.82,1481051141.88,0.0
1.74,0.82,1481051141.92,0.0
1.74,0.82,1481051141.92,0.0
1.74,0.82,1481051141.96,0.0
1.74,0.82,1481051141.96,0.0
1.74,0.82,1481051142.0,0.0
1.74,0.82,1481051142.0,0.0
1.74,0.82,1481051142.04,0.0
1.74,0.82,1481051142.04,0.0
1.74,0.82,1481051142.08,0.0
1.74,0.82,1481051142.08,0.0
1.74,0.82,1481051142.12,0.0
1.74,0.82,1481051142.12,0.0
1.74,0.82,1481051142.16,0.0
1.74,0.82,1481051142.16,0.0
1.74,0.82,1481051142.2,0.0
1.74,0.82,1481051142.2,0.0
1.74,0.82,1481051142.24,0.0
1.74,0.82,1481051142.24,0.0
1.74,0.82,1481051142.28,0.0
1.74,0.82,1481051142.28,0.0
1.74,0.82,1481051142.32,0.0
1.74,0.82,1481051142.32,0.0
1.74,0.82,1481051142.36,0.0
1.74,0.82,1481051142.36,0.0
1.74,0.82,1481051142.4,0.0
1.74,0.82,1481051142.4,0.0
1.74,0.82,1481051142.44,0.0
1.74,0.82,1481051142.44,0.0
1.74,0.82,1481051142.48,0.0
1.74,0.82,1481051142.48,0.0
1.74,0.82,1481051142.52,0.0
1.74,0.82,1481051142.52,0.0
1.74,0.82,1481051142.56,0.0
1.74,0.82,1481051142.56,0.0
1.74,0.82,1481051142.6,0.0
1.74,0.82,1481051142.6,0.0
1.74,0.82,1481051142.64,0.0
1.74,0.82,1481051142.64,0.0
1.74,0.82,1481051142.68,0.0
1.74,0.82,1481051142.68,0.0
1.74,0.82,1481051142.72,0.0
1.74,0.82,1481051142.72,0.0
1.74,0.82,1481051142.76,0.0
1.74,0.82,1481051142.76,0.0
1.74,0.82,1481051142.8,0.0
1.74,0.82,1481051142.8,0.0
1.74,0.82,1481051142.84,0.0
1.74,0.82,1481051142.84,0.0
1.74,0.82,1481051142.88,0.0
1.74,0.82,1481051142.88,0.0
1.74,0.82,1481051142.92,0.0
1.74,0.82,1481051142.92,0.0
1.74,0.82,1481051142.96,0.0
1.74,0.82,1481051142.96,0.0
1.74,0.82,1481051143.0,0.0
1.74,0.82,1481051143.0,0.0
1.74,0.82,1481051143.04,0.0
1.74,0.82,1481051143.04,0.0
1.74,0.82,1481051143.08,0.0
1.74,0.82,1481051143.08,0.0
1.74,0.82,1481051143.08,0.0
1.74,0.82,1481051143.12,0.0
1.74,0.82,1481051143.12,0.0
1.74,0.82,1481051143.16,0.0
1.74,0.82,1481051143.16,0.0
1.74,0.82,1481051143.2,0.0
1.74,0.82,1481051143.2,0.0
1.74,0.82,1481051143.24,0.0
1.74,0.82,1481051143.24,0.0
1.74,0.82,1481051143.28,0.0
1.74,0.82,1481051143.28,0.0
1.74,0.82,1481051143.32,0.0
1.74,0.82,1481051143.32,0.0
1.74,0.82,1481051143.36,0.0
1.74,0.82,1481051143.36,0.0
1.74,0.82,1481051143.4,0.0
1.74,0.82,1481051143.4,0.0
1.74,0.82,1481051143.44,0.0
1.74,0.82,1481051143.44,0.0
1.74,0.82,1481051143.48,0.0
1.74,0.82,1481051143.48,0.0
1.74,0.82,1481051143.52,0.0
1.74,0.82,1481051143.52,0.0
1.74,0.82,1481051143.56,0.0
1.74,0.82,1481051143.6,0.0
1.74,0.82,1481051143.6,0.0
1.74,0.82,1481051143.64,0.0
1.74,0.82,1481051143.64,0.0
1.74,0.82,1481051143.64,0.0
1.74,0.82,1481051143.68,0.0
1.74,0.82,1481051143.68,0.0
1.74,0.82,1481051143.72,0.0
1.74,0.82,1481051143.72,0.0
1.74,0.82,1481051143.76,0.0
1.74,0.82,1481051143.76,0.0
1.74,0.82,1481051143.8,0.0
1.74,0.81,1481051143.84,0.0
1.74,0.81,1481051143.84,0.0
1.74,0.81,1481051143.88,0.0
1.74,0.81,1481051143.88,0.0
1.74,0.81,1481051143.92,0.0
1.74,0.81,1481051143.92,0.0
1.74,0.81,1481051143.96,0.0
1.74,0.81,1481051143.96,0.0
1.74,0.81,1481051144.0,0.0
1.74,0.81,1481051144.0,0.0
1.74,0.81,1481051144.04,0.0
1.74,0.81,1481051144.04,0.0
1.74,0.81,1481051144.08,0.0
1.74,0.81,1481051144.08,0.0
1.74,0.81,1481051144.08,0.0
1.74,0.81,1481051144.12,0.0
1.74,0.81,1481051144.12,0.0
1.74,0.81,1481051144.16,0.0
1.74,0.81,1481051144.2,0.0
1.74,0.81,1481051144.2,0.0
1.74,0.81,1481051144.24,0.0
1.74,0.81,1481051144.24,0.0
1.74,0.81,1481051144.28,0.0
1.74,0.81,1481051144.28,0.0
1.74,0.81,1481051144.32,0.0
1.74,0.81,1481051144.32,0.0
1.74,0.81,1481051144.36,0.0
1.74,0.81,1481051144.3