0.01,0.01,1481051356.76,0.0
0.01,0.01,1481051356.78,0.0
0.01,0.01,1481051356.8,0.0
0.01,0.01,1481051356.82,0.0
0.01,0.01,1481051356.84,0.0
0.01,0.01,1481051356.86,0.0
0.01,0.01,1481051356.88,0.0
0.01,0.01,1481051356.9,0.0
0.01,0.01,1481051356.92,0.0
0.01,0.01,1481051356.94,0.0
0.01,0.01,1481051356.96,0.0
0.01,0.01,1481051356.98,0.0
0.01,0.01,1481051357.0,0.0
0.01,0.01,1481051357.02,0.0
0.01,0.01,1481051357.04,0.0
0.01,0.01,1481051357.06,0.0
0.01,0.01,1481051357.08,0.0
0.01,0.01,1481051357.1,0.0
0.01,0.01,1481051357.12,0.0
0.01,0.01,1481051357.14,0.0
0.01,0.01,1481051357.16,0.0
0.01,0.01,1481051357.18,0.0
0.01,0.01,1481051357.2,0.0
0.01,0.01,1481051357.22,0.0
0.01,0.01,1481051357.24,0.0
0.01,0.01,1481051357.26,0.0
0.01,0.01,1481051357.28,0.0
0.01,0.01,1481051357.3,0.0
0.01,0.01,1481051357.32,0.0
0.01,0.01,1481051357.34,0.0
0.01,0.01,1481051357.36,0.0
0.01,0.01,1481051357.38,0.0
0.01,0.01,1481051357.4,0.0
0.01,0.01,1481051357.42,0.0
0.01,0.01,1481051357.44,0.0
0.01,0.01,1481051357.46,0.0
0.01,0.01,1481051357.48,0.0
0.01,0.01,1481051357.5,0.0
0.01,0.01,1481051357.52,0.0
0.01,0.01,1481051357.54,0.0
0.01,0.01,1481051357.56,0.0
0.01,0.01,1481051357.58,0.0
0.01,0.01,1481051357.6,0.0
0.01,0.01,1481051357.62,0.0
0.01,0.01,1481051357.64,0.0
0.01,0.01,1481051357.66,0.0
0.01,0.01,1481051357.68,0.0
0.01,0.01,1481051357.7,0.0
0.01,0.01,1481051357.72,0.0
0.01,0.01,1481051357.74,0.0
0.01,0.01,1481051357.76,0.0
0.01,0.01,1481051357.78,0.0
0.01,0.01,1481051357.81,0.0
0.01,0.01,1481051357.82,0.0
0.01,0.01,1481051357.84,0.0
0.01,0.01,1481051357.86,0.0
0.01,0.01,1481051357.88,0.0
0.01,0.01,1481051357.9,0.0
0.01,0.01,1481051357.92,0.0
0.01,0.01,1481051357.94,0.0
0.01,0.01,1481051357.96,0.0
0.01,0.01,1481051357.98,0.0
0.01,0.01,1481051358.0,0.0
0.01,0.01,1481051358.02,0.0
0.01,0.01,1481051358.04,0.0
0.01,0.01,1481051358.06,0.0
0.01,0.01,1481051358.08,0.0
0.01,0.01,1481051358.1,0.0
0.01,0.01,1481051358.12,0.0
0.01,0.01,1481051358.14,0.0
0.01,0.01,1481051358.16,0.0
0.01,0.01,1481051358.18,0.0
0.01,0.01,1481051358.2,0.0
0.01,0.01,1481051358.22,0.0
0.01,0.01,1481051358.24,0.0
0.01,0.01,1481051358.26,0.0
0.01,0.01,1481051358.28,0.0
0.01,0.01,1481051358.3,0.0
0.01,0.01,1481051358.32,0.0
0.01,0.01,1481051358.34,0.0
0.01,0.01,1481051358.36,0.0
0.01,0.01,1481051358.38,0.0
0.01,0.01,1481051358.4,0.0
0.01,0.01,1481051358.42,0.0
0.01,0.01,1481051358.44,0.0
0.01,0.01,1481051358.47,0.0
0.01,0.01,1481051358.48,0.0
0.01,0.01,1481051358.5,0.0
0.01,0.01,1481051358.52,0.0
0.01,0.01,1481051358.56,0.0
0.01,0.01,1481051358.56,0.0
0.01,0.01,1481051358.58,0.0
0.01,0.01,1481051358.6,0.0
0.01,0.01,1481051358.62,0.0
0.01,0.01,1481051358.64,0.0
0.01,0.01,1481051358.66,0.0
0.01,0.01,1481051358.68,0.0
0.01,0.01,1481051358.7,0.0
0.01,0.01,1481051358.72,0.0
0.01,0.01,1481051358.74,0.0
0.01,0.01,1481051358.76,0.0
0.01,0.01,1481051358.78,0.0
0.01,0.01,1481051358.81,0.0
0.01,0.01,1481051358.82,0.0
0.01,0.01,1481051358.84,0.0
0.01,0.01,1481051358.86,0.0
0.01,0.01,1481051358.88,0.0
0.01,0.01,1481051358.9,0.0
0.01,0.01,1481051358.92,0.0
0.01,0.01,1481051358.94,0.0
0.01,0.01,1481051358.96,0.0
0.01,0.01,1481051358.98,0.0
0.01,0.01,1481051359.0,0.0
0.01,0.01,1481051359.02,0.0
0.01,0.01,1481051359.04,0.0
0.01,0.01,1481051359.07,0.0
0.01,0.01,1481051359.08,0.0
0.01,0.01,1481051359.1,0.0
0.01,0.01,1481051359.12,0.0
0.01,0.01,1481051359.14,0.0
0.01,0.01,1481051359.16,0.0
0.01,0.01,1481051359.18,0.0
0.01,0.01,1481051359.2,0.0
0.01,0.01,1481051359.22,0.0
0.01,0.01,1481051359.24,0.0
0.01,0.01,1481051359.26,0.0
0.01,0.01,1481051359.29,0.0
0.01,0.01,1481051359.3,0.0
0.01,0.01,1481051359.32,0.0
0.01,0.01,1481051359.34,0.0
0.01,0.01,1481051359.36,0.0
0.01,0.01,1481051359.38,0.0
0.01,0.01,1481051359.4,0.0
0.01,0.01,1481051359.42,0.0
0.01,0.01,1481051359.44,0.0
0.01,0.01,1481051359.46,0.0
0.01,0.01,1481051359.48,0.0
0.01,0.01,1481051359.5,0.0
0.01,0.01,1481051359.52,0.0
0.01,0.01,1481051359.54,0.0
0.01,0.01,1481051359.56,0.0
0.01,0.01,1481051359.58,0.0
0.01,0.01,1481051359.6,0.0
0.01,0.01,1481051359.62,0.0
0.01,0.01,1481051359.64,0.0
0.01,0.01,1481051359.66,0.0
0.01,0.01,1481051359.68,0.0
0.01,0.01,1481051359.7,0.0
0.01,0.01,1481051359.72,0.0
0.01,0.01,1481051359.74,0.0
0.01,0.01,1481051359.76,0.0
0.01,0.01,1481051359.78,0.0
0.01,0.01,1481051359.8,0.0
0.01,0.01,1481051359.82,0.0
0.01,0.01,1481051359.84,0.0
0.01,0.01,1481051359.86,0.0
0.01,0.01,1481051359.88,0.0
0.01,0.01,1481051359.9,0.0
0.01,0.01,1481051359.92,0.0
0.01,0.01,1481051359.94,0.0
0.01,0.01,1481051359.96,0.0
0.01,0.01,1481051359.98,0.0
0.01,0.01,1481051360.0,0.0
0.01,0.01,1481051360.02,0.0
0.01,0.01,1481051360.04,0.0
0.01,0.01,1481051360.06,0.0
0.01,0.01,1481051360.08,0.0
0.01,0.01,1481051360.1,0.0
0.01,0.01,1481051360.12,0.0
0.01,0.01,1481051360.14,0.0
0.01,0.01,1481051360.16,0.0
0.01,0.01,1481051360.18,0.0
0.01,0.01,1481051360.2,0.0
0.01,0.01,1481051360.22,0.0
0.01,0.01,1481051360.24,0.0
0.01,0.01,1481051360.26,0.0
0.01,0.01,1481051360.28,0.0
0.01,0.01,1481051360.3,0.0
0.01,0.01,1481051360.32,0.0
0.01,0.01,1481051360.34,0.0
0.01,0.01,1481051360.36,0.0
0.01,0.01,1481051360.39,0.0
0.01,0.01,1481051360.4,0.0
0.01,0.01,1481051360.42,0.0
0.01,0.01,1481051360.44,0.0
0.01,0.01,1481051360.46,0.0
0.01,0.01,1481051360.48,0.0
0.01,0.01,1481051360.5,0.0
0.01,0.01,1481051360.52,0.0
0.01,0.01,1481051360.54,0.0
0.01,0.01,1481051360.56,0.0
0.01,0.01,1481051360.58,0.0
0.01,0.01,1481051360.6,0.0
0.01,0.01,1481051360.62,0.0
0.01,0.01,1481051360.64,0.0
0.01,0.01,1481051360.66,0.0
0.01,0.01,1481051360.68,0.0
0.01,0.01,1481051360.7,0.0
0.01,0.01,1481051360.72,0.0
0.01,0.01,1481051360.74,0.0
0.01,0.01,1481051360.76,0.0
0.01,0.01,1481051360.78,0.0
0.01,0.01,1481051360.8,0.0
0.01,0.01,1481051360.82,0.0
0.01,0.01,1481051360.84,0.0
0.01,0.01,1481051360.88,0.0
0.01,0.01,1481051360.92,0.0
0.01,0.01,1481051360.92,0.0
0.01,0.01,1481051360.96,0.0
0.01,0.01,1481051360.96,0.0
0.01,0.01,1481051361.0,0.0
0.01,0.01,1481051361.0,0.0
0.01,0.01,1481051361.04,0.0
0.01,0.01,1481051361.04,0.0
0.01,0.01,1481051361.08,0.0
0.01,0.01,1481051361.08,0.0
0.01,0.01,1481051361.12,0.0
0.01,0.01,1481051361.12,0.0
0.01,0.01,1481051361.16,0.0
0.01,0.01,1481051361.16,0.0
0.01,0.01,1481051361.2,0.0
0.01,0.01,1481051361.2,0.0
0.01,0.01,1481051361.24,0.0
0.01,0.01,1481051361.24,0.0
0.01,0.01,1481051361.28,0.0
0.01,0.01,1481051361.28,0.0
0.01,0.01,1481051361.32,0.0
0.01,0.01,1481051361.32,0.0
0.01,0.01,1481051361.36,0.0
0.01,0.01,1481051361.36,0.0
0.01,0.01,1481051361.49,0.0
0.01,0.01,1481051361.49,0.0
0.01,0.01,1481051361.53,0.0
0.01,0.01,1481051361.53,0.0
0.01,0.01,1481051361.53,0.0
0.01,0.01,1481051361.53,0.0
0.01,0.01,1481051361.53,0.0
0.01,0.01,1481051361.53,0.0
0.01,0.01,1481051361.53,0.0
0.01,0.01,1481051361.57,0.0
0.01,0.01,1481051361.57,3.14159265359
0.01,0.01,1481051361.58,3.14159265359
0.01,0.01,1481051361.6,0.0
0.01,0.01,1481051361.64,0.0
0.01,0.01,1481051361.68,0.0
0.01,0.01,1481051361.68,0.0
0.01,0.01,1481051361.72,0.0
0.01,0.01,1481051361.72,0.0
0.01,0.01,1481051361.76,0.0
0.01,0.02,1481051361.76,0.0
0.01,0.02,1481051361.8,0.0
0.01,0.02,1481051361.8,0.0
0.02,0.02,1481051361.81,0.0
0.02,0.02,1481051361.84,0.0
0.02,0.02,1481051361.84,0.0
0.02,0.02,1481051361.88,0.0
0.02,0.02,1481051361.92,0.0
0.02,0.02,1481051361.92,0.0
0.02,0.02,1481051361.96,0.0
0.02,0.02,1481051361.96,0.0
0.02,0.02,1481051362.0,0.0
0.02,0.03,1481051362.0,0.0
0.02,0.03,1481051362.04,0.0
0.03,0.03,1481051362.04,0.0
0.03,0.03,1481051362.08,0.0
0.03,0.03,1481051362.08,0.0
0.03,0.03,1481051362.12,0.0
0.03,0.03,1481051362.12,0.0
0.03,0.03,1481051362.16,0.0
0.03,0.03,1481051362.16,0.0
0.03,0.03,1481051362.2,0.0
0.03,0.03,1481051362.2,0.0
0.03,0.03,1481051362.24,0.0
0.03,0.03,1481051362.24,0.0
0.03,0.03,1481051362.28,0.0
0.03,0.03,1481051362.28,0.0
0.03,0.03,1481051362.32,0.0
0.04,0.03,1481051362.32,0.0
0.04,0.03,1481051362.33,0.0
0.04,0.03,1481051362.36,0.0
0.04,0.03,1481051362.36,0.0
0.04,0.03,1481051362.4,0.0
0.04,0.03,1481051362.44,0.0
0.04,0.03,1481051362.44,0.0
0.04,0.03,1481051362.48,0.0
0.04,0.03,1481051362.48,0.0
0.04,0.03,1481051362.52,0.0
0.04,0.03,1481051362.52,0.0
0.04,0.03,1481051362.56,0.0
0.05,0.03,1481051362.56,0.0
0.05,0.03,1481051362.6,0.0
0.05,0.03,1481051362.6,0.0
0.05,0.03,1481051362.64,0.0
0.05,0.03,1481051362.64,0.0
0.05,0.04,1481051362.68,0.0
0.05,0.04,1481051362.69,0.0
0.05,0.04,1481051362.72,0.0
0.06,0.04,1481051362.72,0.0
0.06,0.04,1481051362.76,0.0
0.06,0.04,1481051362.76,0.0
0.06,0.04,1481051362.8,0.0
0.06,0.04,1481051362.8,0.0
0.07,0.04,1481051362.84,0.0
0.07,0.04,1481051362.84,0.0
0.07,0.04,1481051362.88,0.0
0.07,0.04,1481051362.88,0.0
0.08,0.04,1481051362.92,0.0
0.08,0.04,1481051362.92,0.0
0.08,0.04,1481051362.96,0.0
0.09,0.04,1481051362.96,0.0
0.09,0.04,1481051363.0,0.0
0.09,0.04,1481051363.0,0.0
0.1,0.04,1481051363.04,0.0
0.1,0.04,1481051363.04,0.0
0.1,0.04,1481051363.08,0.0
0.11,0.04,1481051363.08,0.0
0.11,0.04,1481051363.12,0.0
0.11,0.04,1481051363.12,0.0
0.12,0.04,1481051363.16,0.0
0.12,0.04,1481051363.16,0.0
0.13,0.04,1481051363.2,0.0
0.13,0.04,1481051363.2,0.0
0.14,0.04,1481051363.24,0.0
0.14,0.04,1481051363.24,0.0
0.14,0.04,1481051363.28,0.0
0.15,0.04,1481051363.28,0.0
0.15,0.04,1481051363.32,0.0
0.16,0.04,1481051363.32,0.0
0.16,0.04,1481051363.36,0.0
0.17,0.04,1481051363.36,0.0
0.17,0.04,1481051363.4,0.0
0.18,0.04,1481051363.4,0.0
0.18,0.04,1481051363.44,0.0
0.19,0.04,1481051363.44,0.0
0.19,0.04,1481051363.48,0.0
0.2,0.04,1481051363.48,0.0
0.2,0.04,1481051363.52,0.0
0.21,0.04,1481051363.52,0.0
0.21,0.04,1481051363.56,0.0
0.22,0.04,1481051363.56,0.0
0.22,0.04,1481051363.6,0.0
0.23,0.04,1481051363.6,0.0
0.23,0.04,1481051363.64,0.0
0.24,0.04,1481051363.64,0.0
0.24,0.04,1481051363.68,0.0
0.25,0.04,1481051363.68,0.0
0.25,0.04,1481051363.73,0.0
0.25,0.04,1481051363.73,0.0
0.26,0.04,1481051363.73,0.0
0.26,0.04,1481051363.77,0.0
0.27,0.04,1481051363.77,0.0
0.27,0.04,1481051363.78,0.0
0.28,0.04,1481051363.8,0.0
0.28,0.04,1481051363.84,0.0
0.29,0.04,1481051363.88,0.0
0.29,0.04,1481051363.88,0.0
0.3,0.04,1481051363.92,0.0
0.3,0.04,1481051363.92,0.0
0.31,0.04,1481051363.96,0.0
0.31,0.04,1481051363.96,0.0
0.32,0.04,1481051364.0,0.0
0.32,0.04,1481051364.0,0.0
0.32,0.04,1481051364.04,0.0
0.33,0.04,1481051364.04,0.0
0.33,0.04,1481051364.08,0.0
0.33,0.04,1481051364.08,0.0
0.34,0.04,1481051364.12,0.0
0.34,0.04,1481051364.12,0.0
0.35,0.04,1481051364.16,0.0
0.35,0.04,1481051364.16,0.0
0.35,0.04,1481051364.2,0.0
0.36,0.04,1481051364.2,0.0
0.36,0.04,1481051364.24,0.0
0.37,0.04,1481051364.24,0.0
0.37,0.04,1481051364.28,0.0
0.37,0.04,1481051364.28,0.0
0.38,0.04,1481051364.32,0.0
0.38,0.04,1481051364.32,0.0
0.39,0.04,1481051364.36,0.0
0.39,0.04,1481051364.36,0.0
0.4,0.04,1481051364.4,0.0
0.4,0.04,1481051364.4,0.0
0.4,0.04,1481051364.44,0.0
0.41,0.04,1481051364.44,0.0
0.41,0.04,1481051364.48,0.0
0.41,0.04,1481051364.48,0.0
0.42,0.04,1481051364.52,0.0
0.42,0.04,1481051364.52,0.0
0.42,0.04,1481051364.56,0.0
0.43,0.04,1481051364.56,0.0
0.43,0.04,1481051364.6,0.0
0.44,0.04,1481051364.6,0.0
0.44,0.04,1481051364.64,0.0
0.44,0.04,1481051364.64,0.0
0.45,0.04,1481051364.68,0.0
0.45,0.04,1481051364.68,0.0
0.45,0.04,1481051364.72,0.0
0.45,0.04,1481051364.72,0.0
0.46,0.04,1481051364.76,0.0
0.46,0.04,1481051364.76,0.0
0.46,0.04,1481051364.8,0.0
0.47,0.04,1481051364.8,0.0
0.47,0.04,1481051364.84,0.0
0.47,0.04,1481051364.84,0.0
0.48,0.04,1481051364.88,0.0
0.48,0.04,1481051364.88,0.0
0.49,0.04,1481051364.92,0.0
0.49,0.04,1481051364.92,0.0
0.49,0.04,1481051364.96,0.0
0.5,0.04,1481051364.96,0.0
0.5,0.04,1481051365.0,0.0
0.51,0.04,1481051365.0,0.0
0.51,0.04,1481051365.04,0.0
0.51,0.04,1481051365.04,0.0
0.52,0.04,1481051365.08,0.0
0.52,0.04,1481051365.08,0.0
0.53,0.04,1481051365.12,0.0
0.53,0.04,1481051365.12,0.0
0.53,0.04,1481051365.16,0.0
0.54,0.04,1481051365.16,0.0
0.54,0.04,1481051365.2,0.0
0.55,0.04,1481051365.2,0.0
0.55,0.04,1481051365.24,0.0
0.55,0.04,1481051365.24,0.0
0.56,0.04,1481051365.28,0.0
0.56,0.04,1481051365.28,0.0
0.57,0.04,1481051365.32,0.0
0.57,0.04,1481051365.32,0.0
0.58,0.04,1481051365.36,0.0
0.58,0.04,1481051365.36,0.0
0.58,0.04,1481051365.4,0.0
0.58,0.04,1481051365.4,0.0
0.59,0.04,1481051365.44,0.0
0.59,0.04,1481051365.44,0.0
0.59,0.03,1481051365.48,0.0
0.6,0.03,1481051365.48,0.0
0.6,0.03,1481051365.52,0.0
0.61,0.04,1481051365.52,0.0
0.61,0.04,1481051365.56,0.0
0.62,0.04,1481051365.56,0.0
0.62,0.04,1481051365.6,0.0
0.62,0.04,1481051365.6,0.0
0.62,0.05,1481051365.64,0.0
0.63,0.05,1481051365.64,0.0
0.63,0.05,1481051365.68,0.0
0.63,0.05,1481051365.68,3.14159265359
0.63,0.06,1481051365.72,3.14159265359
0.62,0.06,1481051365.72,3.14159265359
0.62,0.06,1481051365.76,3.14159265359
0.62,0.07,1481051365.76,3.14159265359
0.62,0.07,1481051365.8,3.14159265359
0.62,0.07,1481051365.8,3.14159265359
0.62,0.07,1481051365.84,3.14159265359
0.62,0.07,1481051365.84,3.14159265359
0.62,0.08,1481051365.88,3.14159265359
0.62,0.08,1481051365.88,3.14159265359
0.62,0.08,1481051365.92,0.0
0.62,0.08,1481051365.92,0.0
0.62,0.08,1481051365.96,0.0
0.62,0.09,1481051365.96,0.0
0.62,0.09,1481051366.0,0.0
0.62,0.09,1481051366.0,0.0
0.62,0.09,1481051366.04,0.0
0.62,0.09,1481051366.04,0.0
0.62,0.09,1481051366.08,0.0
0.62,0.09,1481051366.08,3.14159265359
0.62,0.09,1481051366.12,3.14159265359
0.62,0.1,1481051366.12,0.0
0.62,0.1,1481051366.16,0.0
0.62,0.1,1481051366.16,0.0
0.62,0.1,1481051366.2,0.0
0.62,0.1,1481051366.2,0.0
0.62,0.1,1481051366.24,0.0
0.62,0.1,1481051366.24,0.0
0.62,0.1,1481051366.28,0.0
0.62,0.1,1481051366.28,0.0
0.62,0.1,1481051366.32,0.0
0.62,0.1,1481051366.32,0.0
0.62,0.1,1481051366.36,0.0
0.62,0.1,1481051366.36,0.0
0.62,0.1,1481051366.4,0.0
0.62,0.1,1481051366.4,0.0
0.62,0.1,1481051366.44,0.0
0.62,0.1,1481051366.44,0.0
0.62,0.1,1481051366.48,0.0
0.62,0.1,1481051366.48,0.0
0.62,0.1,1481051366.52,0.0
0.62,0.1,1481051366.52,0.0
0.62,0.1,1481051366.56,0.0
0.62,0.1,1481051366.56,0.0
0.62,0.1,1481051366.6,0.0
0.62,0.1,1481051366.6,0.0
0.62,0.1,1481051366.64,0.0
0.62,0.1,1481051366.64,0.0
0.62,0.1,1481051366.68,0.0
0.62,0.1,1481051366.68,0.0
0.62,0.1,1481051366.72,0.0
0.62,0.1,1481051366.72,0.0
0.62,0.1,1481051366.76,0.0
0.62,0.1,1481051366.76,0.0
0.62,0.1,1481051366.8,0.0
0.62,0.1,1481051366.8,0.0
0.62,0.1,1481051366.84,0.0
0.62,0.1,1481051366.84,0.0
0.62,0.1,1481051366.88,0.0
0.62,0.1,1481051366.88,0.0
0.62,0.1,1481051366.92,0.0
0.62,0.1,1481051366.92,0.0
0.62,0.1,1481051366.96,0.0
0.62,0.1,1481051366.96,0.0
0.62,0.1,1481051367.0,0.0
0.62,0.1,1481051367.0,0.0
0.62,0.1,1481051367.04,0.0
0.62,0.1,1481051367.04,0.0
0.62,0.1,1481051367.08,0.0
0.62,0.1,1481051367.08,0.0
0.62,0.1,1481051367.12,0.0
0.62,0.1,1481051367.12,0.0
0.62,0.1,1481051367.16,0.0
0.62,0.1,1481051367.16,0.0
0.62,0.1,1481051367.2,0.0
0.62,0.1,1481051367.2,0.0
0.62,0.1,1481051367.24,0.0
0.62,0.1,1481051367.24,0.0
0.62,0.1,1481051367.28,0.0
0.62,0.1,1481051367.28,0.0
0.62,0.1,1481051367.32,0.0
0.62,0.1,1481051367.32,0.0
0.62,0.1,1481051367.36,0.0
0.62,0.1,1481051367.36,0.0
0.62,0.1,1481051367.4,0.0
0.62,0.1,1481051367.4,0.0
0.62,0.1,1481051367.44,0.0
0.62,0.1,1481051367.44,0.0
0.62,0.1,1481051367.48,0.0
0.62,0.1,1481051367.48,0.0
0.62,0.1,1481051367.52,0.0
0.62,0.1,1481051367.52,0.0
0.62,0.1,1481051367.56,0.0
0.62,0.1,1481051367.56,0.0
0.62,0.1,1481051367.6,0.0
0.62,0.1,1481051367.6,0.0
0.62,0.1,1481051367.64,0.0
0.62,0.1,1481051367.64,0.0
0.62,0.1,1481051367.68,0.0
0.62,0.1,1481051367.68,0.0
0.62,0.1,1481051367.72,0.0
0.62,0.1,1481051367.72,0.0
0.62,0.1,1481051367.76,0.0
0.62,0.1,1481051367.76,0.0
0.62,0.1,1481051367.8,0.0
0.62,0.1,1481051367.8,0.0
0.62,0.1,1481051367.84,0.0
0.62,0.1,1481051367.84,0.0
0.62,0.1,1481051367.88,0.0
0.62,0.1,1481051367.88,0.0
0.62,0.1,1481051367.92,0.0
0.62,0.1,1481051367.92,0.0
0.62,0.1,1481051367.96,0.0
0.62,0.1,1481051367.96,0.0
0.62,0.1,1481051368.0,0.0
0.62,0.1,1481051368.0,0.0
0.62,0.1,1481051368.04,0.0
0.62,0.1,1481051368.04,0.0
0.62,0.1,1481051368.08,0.0
0.62,0.1,1481051368.08,0.0
0.62,0.1,1481051368.12,0.0
0.62,0.1,1481051368.12,0.0
0.62,0.1,1481051368.16,0.0
0.62,0.1,1481051368.16,0.0
0.62,0.1,1481051368.2,0.0
0.62,0.1,1481051368.2,0.0
0.62,0.1,1481051368.24,0.0
0.62,0.1,1481051368.24,0.0
0.62,0.1,1481051368.28,0.0
0.62,0.1,1481051368.28,0.0
0.62,0.1,1481051368.32,0.0
0.62,0.1,1481051368.32,0.0
0.62,0.1,1481051368.36,0.0
0.62,0.1,1481051368.36,0.0
0.62,0.1,1481051368.4,0.0
0.62,0.1,1481051368.4,0.0
0.62,0.1,1481051368.44,0.0
0.62,0.09,1481051368.44,0.0
0.62,0.09,1481051368.48,0.0
0.62,0.09,1481051368.48,0.0
0.62,0.09,1481051368.52,0.0
0.62,0.09,1481051368.52,0.0
0.62,0.09,1481051368.56,0.0
0.62,0.09,1481051368.56,0.0
0.62,0.09,1481051368.6,0.0
0.62,0.09,1481051368.6,0.0
0.62,0.09,1481051368.64,0.0
0.62,0.09,1481051368.64,0.0
0.62,0.09,1481051368.68,0.0
0.62,0.09,1481051368.68,0.0
0.62,0.09,1481051368.72,0.0
0.62,0.09,1481051368.72,0.0
0.62,0.09,1481051368.76,0.0
0.62,0.09,1481051368.76,0.0
0.62,0.09,1481051368.8,0.0
0.62,0.09,1481051368.81,0.0
0.62,0.09,1481051368.84,0.0
0.62,0.09,1481051368.84,0.0
0.62,0.09,1481051368.88,0.0
0.62,0.09,1481051368.88,0.0
0.62,0.09,1481051368.92,0.0
0.62,0.09,1481051368.93,0.0
0.62,0.09,1481051368.96,0.0
0.62,0.09,1481051368.96,0.0
0.62,0.09,1481051369.0,0.0
0.62,0.09,1481051369.0,0.0
0.62,0.09,1481051369.04,0.0
0.62,0.09,1481051369.04,0.0
0.62,0.09,1481051369.08,0.0
0.62,0.09,1481051369.08,0.0
0.62,0.09,1481051369.12,0.0
0.62,0.09,1481051369.12,0.0
0.62,0.09,1481051369.16,0.0
0.62,0.09,1481051369.17,0.0
0.62,0.09,1481051369.2,0.0
0.62,0.09,1481051369.2,0.0
0.62,0.09,1481051369.24,0.0
0.62,0.09,1481051369.24,0.0
0.62,0.09,1481051369.28,0.0
0.62,0.09,1481051369.28,0.0
0.62,0.09,1481051369.32,0.0
0.62,0.09,1481051369.32,0.0
0.62,0.09,1481051369.36,0.0
0.62,0.09,1481051369.36,0.0
0.62,0.09,1481051369.4,0.0
0.62,0.09,1481051369.4,0.0
0.62,0.09,1481051369.44,0.0
0.62,0.09,1481051369.44,0.0
0.62,0.09,1481051369.48,0.0
0.62,0.09,1481051369.48,0.0
0.62,0.09,1481051369.52,0.0
0.62,0.09,1481051369.52,0.0
0.62,0.09,1481051369.56,0.0
0.62,0.09,1481051369.57,0.0
0.62,0.09,1481051369.6,0.0
0.62,0.09,1481051369.6,0.0
0.62,0.09,1481051369.64,0.0
0.62,0.09,1481051369.64,0.0
0.62,0.09,1481051369.68,0.0
0.62,0.09,1481051369.69,0.0
0.62,0.09,1481051369.72,0.0
0.62,0.09,1481051369.72,0.0
0.62,0.09,1481051369.76,0.0
0.62,0.09,1481051369.76,0.0
0.62,0.09,1481051369.8,0.0
0.62,0.09,1481051369.8,0.0
0.62,0.09,1481051369.84,0.0
0.62,0.09,1481051369.84,0.0
0.62,0.09,1481051369.88,0.0
0.62,0.09,1481051369.88,0.0
0.62,0.09,1481051369.93,0.0
0.62,0.09,1481051369.93,0.0
0.62,0.09,1481051369.93,0.0
0.62,0.09,1481051369.97,0.0
0.62,0.09,1481051369.97,0.0
0.62,0.09,1481051369.99,0.0
0.62,0.09,1481051370.01,0.0
0.62,0.09,1481051370.04,0.0
0.62,0.09,1481051370.08,0.0
0.62,0.09,1481051370.08,0.0
0.62,0.09,1481051370.13,0.0
0.62,0.09,1481051370.13,0.0
0.62,0.09,1481051370.13,0.0
0.62,0.09,1481051370.17,0.0
0.62,0.09,1481051370.17,0.0
0.62,0.09,1481051370.18,0.0
0.62,0.09,1481051370.21,0.0
0.62,0.09,1481051370.24,0.0
0.62,0.09,1481051370.28,0.0
0.62,0.09,1481051370.28,0.0
0.62,0.09,1481051370.32,0.0
0.62,0.09,1481051370.32,0.0
0.62,0.09,1481051370.36,0.0
0.62,0.09,1481051370.36,0.0
0.62,0.09,1481051370.4,0.0
0.62,0.09,1481051370.41,0.0
0.62,0.09,1481051370.44,0.0
0.62,0.09,1481051370.44,0.0
0.62,0.09,1481051370.48,0.0
0.62,0.09,1481051370.49,0.0
0.62,0.09,1481051370.52,0.0
0.62,0.09,1481051370.52,0.0
0.62,0.09,1481051370.56,0.0
0.62,0.09,1481051370.56,0.0
0.62,0.09,1481051370.6,0.0
0.62,0.09,1481051370.6,0.0
0.62,0.09,1481051370.64,0.0
0.62,0.09,1481051370.64,0.0
0.62,0.09,1481051370.68,0.0
0.62,0.09,1481051370.68,0.0
0.62,0.09,1481051370.72,0.0
0.62,0.09,1481051370.72,0.0
0.62,0.09,1481051370.76,0.0
0.62,0.09,1481051370.76,0.0
0.62,0.09,1481051370.8,0.0
0.62,0.09,1481051370.8,0.0
0.62,0.09,1481051370.84,0.0
0.62,0.09,1481051370.84,0.0
0.62,0.09,1481051370.88,0.0
0.62,0.09,1481051370.88,0.0
0.62,0.09,1481051370.92,0.0
0.62,0.09,1481051370.92,0.0
0.62,0.09,1481051370.96,0.0
0.62,0.09,1481051370.97,0.0
0.62,0.09,1481051371.0,0.0
0.62,0.09,1481051371.0,0.0
0.62,0.09,1481051371.04,0.0
0.62,0.09,1481051371.04,0.0
0.62,0.09,1481051371.08,0.0
0.62,0.09,1481051371.08,0.0
0.62,0.09,1481051371.13,0.0
0.62,0.09,1481051371.13,0.0
0.62,0.09,1481051371.13,0.0
0.62,0.09,1481051371.17,0.0
0.62,0.09,1481051371.17,0.0
0.62,0.09,1481051371.19,0.0
0.62,0.09,1481051371.21,0.0
0.62,0.09,1481051371.24,0.0
0.62,0.09,1481051371.28,0.0
0.62,0.09,1481051371.28,0.0
0.62,0.09,1481051371.32,0.0
0.62,0.09,1481051371.32,0.0
0.62,0.09,1481051371.36,0.0
0.62,0.09,1481051371.36,0.0
0.62,0.09,1481051371.4,0.0
0.62,0.09,1481051371.41,0.0
0.62,0.09,1481051371.44,0.0
0.62,0.09,1481051371.44,0.0
0.62,0.09,1481051371.48,0.0
0.62,0.09,1481051371.48,0.0
0.62,0.09,1481051371.52,0.0
0.62,0.09,1481051371.52,0.0
0.62,0.09,1481051371.56,0.0
0.62,0.09,1481051371.56,0.0
0.62,0.09,1481051371.6,0.0
0.62,0.09,1481051371.6,0.0
0.62,0.09,1481051371.64,0.0
0.62,0.09,1481051371.64,0.0
0.62,0.09,1481051371.68,0.0
0.62,0.09,1481051371.68,0.0
0.62,0.09,1481051371.72,0.0
0.62,0.09,1481051371.72,0.0
0.62,0.09,1481051371.76,0.0
0.62,0.09,1481051371.77,0.0
0.62,0.09,1481051371.8,0.0
0.62,0.09,1481051371.8,0.0
0.62,0.09,1481051371.84,0.0
0.62,0.09,1481051371.84,0.0
0.62,0.09,1481051371.88,0.0
0.62,0.09,1481051371.88,0.0
0.62,0.09,1481051371.92,0.0
0.62,0.09,1481051371.92,0.0
0.62,0.09,1481051371.96,0.0
0.62,0.09,1481051371.96,0.0
0.62,0.09,1481051372.0,0.0
0.62,0.09,1481051372.0,0.0
0.62,0.09,1481051372.04,0.0
0.62,0.09,1481051372.04,0.0
0.62,0.09,1481051372.08,0.0
0.62,0.09,1481051372.08,0.0
0.62,0.09,1481051372.12,0.0
0.62,0.09,1481051372.12,0.0
0.62,0.09,1481051372.16,0.0
0.62,0.09,1481051372.16,0.0
0.62,0.09,1481051372.2,0.0
0.62,0.09,1481051372.21,0.0
0.62,0.09,1481051372.24,0.0
0.62,0.09,1481051372.25,0.0
0.62,0.09,1481051372.28,0.0
0.62,0.09,1481051372.29,0.0
0.62,0.09,1481051372.32,0.0
0.62,0.09,1481051372.33,0.0
0.62,0.09,1481051372.36,0.0
0.62,0.09,1481051372.36,0.0
0.62,0.09,1481051372.4,0.0
0.62,0.09,1481051372.4,0.0
0.62,0.09,1481051372.44,0.0
0.62,0.09,1481051372.44,0.0
0.62,0.09,1481051372.48,0.0
0.62,0.09,1481051372.48,0.0
0.62,0.09,1481051372.52,0.0
0.62,0.09,1481051372.52,0.0
0.62,0.09,1481051372.56,0.0
0.62,0.09,1481051372.56,0.0
0.62,0.09,1481051372.6,0.0
0.62,0.09,1481051372.6,0.0
0.62,0.1,1481051372.64,3.14159265359
0.62,0.1,1481051372.64,3.14159265359
0.62,0.1,1481051372.68,0.0
0.62,0.1,1481051372.68,3.14159265359
0.62,0.1,1481051372.72,0.0
0.62,0.1,1481051372.72,3.14159265359
0.62,0.1,1481051372.76,3.14159265359
0.62,0.1,1481051372.76,3.14159265359
0.62,0.1,1481051372.8,3.14159265359
0.62,0.1,1481051372.8,3.14159265359
0.62,0.1,1481051372.84,3.14159265359
0.62,0.1,1481051372.84,3.14159265359
0.62,0.1,1481051372.88,3.14159265359
0.62,0.1,1481051372.88,3.14159265359
0.62,0.1,1481051372.92,3.14159265359
0.62,0.1,1481051372.92,3.14159265359
0.62,0.1,1481051372.96,3.14159265359
0.62,0.1,1481051372.96,3.14159265359
0.62,0.1,1481051373.0,3.14159265359
0.62,0.1,1481051373.0,3.14159265359
0.62,0.1,1481051373.04,3.14159265359
0.62,0.1,1481051373.04,3.14159265359
0.62,0.1,1481051373.08,3.14159265359
0.62,0.1,1481051373.08,3.14159265359
0.62,0.1,1481051373.12,3.14159265359
0.62,0.1,1481051373.12,3.14159265359
0.62,0.1,1481051373.16,3.14159265359
0.62,0.11,1481051373.16,3.14159265359
0.62,0.11,1481051373.2,3.14159265359
0.62,0.11,1481051373.2,3.14159265359
0.62,0.11,1481051373.24,3.14159265359
0.62,0.11,1481051373.24,3.14159265359
0.62,0.11,1481051373.28,3.14159265359
0.62,0.11,1481051373.28,3.14159265359
0.62,0.11,1481051373.32,3.14159265359
0.62,0.12,1481051373.32,3.14159265359
0.62,0.12,1481051373.36,3.14159265359
0.62,0.12,1481051373.36,3.14159265359
0.62,0.12,1481051373.4,0.0
0.62,0.12,1481051373.41,3.14159265359
0.62,0.12,1481051373.44,3.14159265359
0.62,0.13,1481051373.44,3.14159265359
0.62,0.13,1481051373.48,3.14159265359
0.62,0.13,1481051373.48,3.14159265359
0.62,0.13,1481051373.52,3.14159265359
0.62,0.14,1481051373.54,0.0
0.62,0.14,1481051373.58,0.0
0.62,0.14,1481051373.58,0.0
0.62,0.14,1481051373.58,0.0
0.62,0.15,1481051373.62,0.0
0.62,0.15,1481051373.62,0.0
0.62,0.15,1481051373.63,0.0
0.62,0.16,1481051373.65,3.14159265359
0.62,0.16,1481051373.68,3.14159265359
0.62,0.17,1481051373.72,3.14159265359
0.62,0.17,1481051373.72,3.14159265359
0.62,0.17,1481051373.76,3.14159265359
0.62,0.18,1481051373.76,3.14159265359
0.62,0.18,1481051373.8,3.14159265359
0.61,0.18,1481051373.8,3.14159265359
0.61,0.19,1481051373.84,3.14159265359
0.61,0.19,1481051373.84,3.14159265359
0.61,0.2,1481051373.88,3.14159265359
0.61,0.2,1481051373.88,3.14159265359
0.61,0.2,1481051373.92,3.14159265359
0.61,0.21,1481051373.92,3.14159265359
0.61,0.21,1481051373.96,3.14159265359
0.61,0.22,1481051373.96,3.14159265359
0.61,0.22,1481051374.0,3.14159265359
0.61,0.23,1481051374.0,0.0
0.61,0.23,1481051374.04,0.0
0.61,0.24,1481051374.04,0.0
0.61,0.24,1481051374.08,0.0
0.61,0.25,1481051374.08,0.0
0.61,0.25,1481051374.12,0.0
0.61,0.26,1481051374.12,0.0
0.61,0.26,1481051374.16,0.0
0.61,0.27,1481051374.16,0.0
0.61,0.28,1481051374.2,0.0
0.61,0.28,1481051374.21,0.0
0.61,0.29,1481051374.24,0.0
0.61,0.29,1481051374.24,0.0
0.61,0.3,1481051374.28,0.0
0.61,0.3,1481051374.28,0.0
0.61,0.31,1481051374.32,3.14159265359
0.61,0.31,1481051374.33,3.14159265359
0.61,0.32,1481051374.36,3.14159265359
0.61,0.33,1481051374.36,3.14159265359
0.61,0.33,1481051374.4,3.14159265359
0.61,0.34,1481051374.4,3.14159265359
0.61,0.34,1481051374.44,3.14159265359
0.61,0.35,1481051374.44,3.14159265359
0.61,0.35,1481051374.48,3.14159265359
0.61,0.36,1481051374.48,3.14159265359
0.61,0.36,1481051374.52,3.14159265359
0.61,0.37,1481051374.52,3.14159265359
0.61,0.38,1481051374.56,3.14159265359
0.61,0.38,1481051374.56,3.14159265359
0.61,0.39,1481051374.6,0.0
0.61,0.39,1481051374.6,0.0
0.61,0.4,1481051374.64,0.0
0.61,0.4,1481051374.64,0.0
0.61,0.41,1481051374.68,3.14159265359
0.61,0.42,1481051374.68,3.14159265359
0.61,0.42,1481051374.72,3.14159265359
0.61,0.43,1481051374.72,3.14159265359
0.61,0.43,1481051374.76,3.14159265359
0.61,0.44,1481051374.76,3.14159265359
0.61,0.45,1481051374.8,3.14159265359
0.61,0.45,1481051374.8,3.14159265359
0.61,0.46,1481051374.84,3.14159265359
0.61,0.46,1481051374.84,3.14159265359
0.61,0.47,1481051374.88,0.0
0.61,0.48,1481051374.88,0.0
0.61,0.48,1481051374.92,0.0
0.61,0.49,1481051374.92,3.14159265359
0.61,0.49,1481051374.96,0.0
0.61,0.5,1481051374.96,3.14159265359
0.61,0.51,1481051375.0,0.0
0.61,0.51,1481051375.0,0.0
0.61,0.52,1481051375.04,0.0
0.61,0.52,1481051375.04,0.0
0.61,0.53,1481051375.08,3.14159265359
0.61,0.54,1481051375.09,3.14159265359
0.61,0.54,1481051375.12,3.14159265359
0.61,0.55,1481051375.13,3.14159265359
0.61,0.55,1481051375.16,3.14159265359
0.61,0.56,1481051375.17,3.14159265359
0.61,0.56,1481051375.2,3.14159265359
0.61,0.57,1481051375.2,3.14159265359
0.61,0.57,1481051375.24,3.14159265359
0.6,0.58,1481051375.24,3.14159265359
0.6,0.58,1481051375.28,3.14159265359
0.6,0.59,1481051375.28,3.14159265359
0.6,0.59,1481051375.32,3.14159265359
0.6,0.6,1481051375.32,3.14159265359
0.6,0.6,1481051375.36,3.14159265359
0.6,0.61,1481051375.36,3.14159265359
0.6,0.61,1481051375.4,3.14159265359
0.6,0.62,1481051375.41,3.14159265359
0.6,0.62,1481051375.44,3.14159265359
0.6,0.63,1481051375.44,3.14159265359
0.6,0.63,1481051375.48,3.14159265359
0.6,0.64,1481051375.48,3.14159265359
0.6,0.64,1481051375.52,3.14159265359
0.6,0.64,1481051375.52,3.14159265359
0.6,0.65,1481051375.56,0.0
0.6,0.65,1481051375.56,0.0
0.6,0.66,1481051375.6,0.0
0.6,0.66,1481051375.6,0.0
0.6,0.67,1481051375.64,0.0
0.6,0.67,1481051375.64,0.0
0.6,0.67,1481051375.68,0.0
0.6,0.68,1481051375.68,0.0
0.6,0.68,1481051375.72,0.0
0.6,0.69,1481051375.72,0.0
0.6,0.69,1481051375.76,0.0
0.6,0.69,1481051375.76,0.0
0.6,0.7,1481051375.8,0.0
0.6,0.7,1481051375.8,3.14159265359
0.6,0.71,1481051375.84,3.14159265359
0.6,0.71,1481051375.85,3.14159265359
0.6,0.72,1481051375.88,3.14159265359
0.6,0.72,1481051375.88,3.14159265359
0.6,0.72,1481051375.92,3.14159265359
0.6,0.73,1481051375.92,3.14159265359
0.6,0.73,1481051375.96,3.14159265359
0.6,0.74,1481051375.96,3.14159265359
0.6,0.74,1481051376.0,3.14159265359
0.6,0.75,1481051376.0,3.14159265359
0.6,0.76,1481051376.04,3.14159265359
0.6,0.76,1481051376.04,3.14159265359
0.6,0.77,1481051376.08,3.14159265359
0.6,0.77,1481051376.08,3.14159265359
0.6,0.78,1481051376.12,3.14159265359
0.6,0.78,1481051376.13,3.14159265359
0.6,0.79,1481051376.16,3.14159265359
0.6,0.79,1481051376.17,3.14159265359
0.6,0.8,1481051376.2,3.14159265359
0.59,0.8,1481051376.21,3.14159265359
0.59,0.8,1481051376.24,3.14159265359
0.59,0.81,1481051376.24,3.14159265359
0.59,0.81,1481051376.28,3.14159265359
0.59,0.82,1481051376.28,3.14159265359
0.59,0.82,1481051376.33,3.14159265359
0.59,0.82,1481051376.33,3.14159265359
0.59,0.83,1481051376.33,3.14159265359
0.59,0.83,1481051376.37,3.14159265359
0.59,0.83,1481051376.37,3.14159265359
0.59,0.84,1481051376.39,3.14159265359
0.59,0.84,1481051376.41,3.14159265359
0.59,0.84,1481051376.45,0.0
0.59,0.84,1481051376.45,0.0
0.59,0.85,1481051376.49,0.0
0.59,0.85,1481051376.49,0.0
0.59,0.85,1481051376.53,0.0
0.59,0.86,1481051376.53,0.0
0.59,0.86,1481051376.57,0.0
0.59,0.86,1481051376.58,0.0
0.59,0.87,1481051376.62,0.0
0.59,0.87,1481051376.62,0.0
0.59,0.87,1481051376.66,0.0
0.59,0.88,1481051376.66,0.0
0.59,0.88,1481051376.7,0.0
0.59,0.88,1481051376.7,0.0
0.59,0.88,1481051376.74,0.0
0.59,0.89,1481051376.74,0.0
0.59,0.89,1481051376.78,0.0
0.59,0.89,1481051376.78,3.14159265359
0.59,0.89,1481051376.82,0.0
0.59,0.89,1481051376.82,0.0
0.59,0.9,1481051376.86,0.0
0.59,0.9,1481051376.86,0.0
0.59,0.9,1481051376.9,0.0
0.59,0.9,1481051376.9,0.0
0.59,0.9,1481051376.94,0.0
0.59,0.9,1481051376.94,0.0
0.59,0.9,1481051376.98,0.0
0.59,0.9,1481051376.98,0.0
0.59,0.9,1481051377.02,0.0
0.59,0.9,1481051377.02,0.0
0.59,0.9,1481051377.06,0.0
0.59,0.91,1481051377.06,0.0
0.59,0.91,1481051377.1,0.0
0.59,0.91,1481051377.1,0.0
0.59,0.91,1481051377.14,0.0
0.59,0.91,1481051377.14,0.0
0.59,0.91,1481051377.18,0.0
0.59,0.91,1481051377.18,0.0
0.59,0.91,1481051377.22,0.0
0.59,0.91,1481051377.22,0.0
0.59,0.91,1481051377.26,0.0
0.59,0.91,1481051377.26,0.0
0.59,0.91,1481051377.3,0.0
0.59,0.91,1481051377.3,0.0
0.59,0.91,1481051377.34,0.0
0.59,0.91,1481051377.34,0.0
0.59,0.91,1481051377.38,0.0
0.59,0.91,1481051377.38,0.0
0.59,0.91,1481051377.42,0.0
0.59,0.91,1481051377.42,0.0
0.59,0.91,1481051377.46,0.0
0.59,0.91,1481051377.46,0.0
0.59,0.91,1481051377.5,0.0
0.59,0.91,1481051377.5,0.0
0.59,0.91,1481051377.54,0.0
0.59,0.91,1481051377.54,0.0
0.59,0.91,1481051377.58,0.0
0.59,0.91,1481051377.58,0.0
0.59,0.91,1481051377.62,0.0
0.59,0.91,1481051377.62,0.0
0.59,0.91,1481051377.66,0.0
0.59,0.91,1481051377.66,0.0
0.59,0.91,1481051377.7,0.0
0.59,0.91,1481051377.7,0.0
0.59,0.91,1481051377.74,0.0
0.59,0.91,1481051377.74,0.0
0.59,0.91,1481051377.78,0.0
0.59,0.91,1481051377.78,0.0
0.59,0.91,1481051377.82,0.0
0.59,0.91,1481051377.82,0.0
0.59,0.91,1481051377.86,0.0
0.59,0.91,1481051377.86,0.0
0.59,0.91,1481051377.9,0.0
0.59,0.91,1481051377.9,0.0
0.59,0.91,1481051377.94,0.0
0.59,0.91,1481051377.94,0.0
0.59,0.91,1481051377.98,0.0
0.59,0.91,1481051377.98,0.0
0.59,0.91,1481051378.02,0.0
0.59,0.91,1481051378.02,0.0
0.59,0.91,1481051378.06,0.0
0.59,0.91,1481051378.06,0.0
0.59,0.91,1481051378.1,0.0
0.59,0.91,1481051378.1,0.0
0.59,0.91,1481051378.14,0.0
0.59,0.91,1481051378.14,0.0
0.59,0.91,1481051378.18,0.0
0.59,0.91,1481051378.18,0.0
0.59,0.91,1481051378.22,0.0
0.59,0.91,1481051378.22,0.0
0.59,0.91,1481051378.26,0.0
0.59,0.91,1481051378.26,0.0
0.59,0.91,1481051378.3,0.0
0.59,0.91,1481051378.3,0.0
0.59,0.91,1481051378.34,0.0
0.59,0.91,1481051378.34,0.0
0.59,0.91,1481051378.38,0.0
0.59,0.91,1481051378.38,0.0
0.59,0.91,1481051378.42,0.0
0.59,0.91,1481051378.42,0.0
0.59,0.91,1481051378.46,0.0
0.59,0.91,1481051378.46,0.0
0.59,0.9,1481051378.5,0.0
0.59,0.9,1481051378.5,0.0
0.59,0.9,1481051378.54,0.0
0.59,0.9,1481051378.54,0.0
0.59,0.9,1481051378.58,0.0
0.59,0.9,1481051378.58,0.0
0.59,0.9,1481051378.62,0.0
0.59,0.9,1481051378.62,0.0
0.59,0.9,1481051378.66,0.0
0.59,0.9,1481051378.66,0.0
0.59,0.9,1481051378.7,0.0
0.59,0.9,1481051378.7,0.0
0.59,0.9,1481051378.74,0.0
0.59,0.9,1481051378.74,0.0
0.59,0.9,1481051378.78,0.0
0.59,0.9,1481051378.78,0.0
0.59,0.9,1481051378.82,0.0
0.59,0.9,1481051378.82,0.0
0.59,0.9,1481051378.86,0.0
0.59,0.9,1481051378.86,0.0
0.59,0.9,1481051378.9,0.0
0.59,0.9,1481051378.9,0.0
0.59,0.9,1481051378.94,0.0
0.59,0.9,1481051378.94,0.0
0.59,0.9,1481051378.98,0.0
0.59,0.9,1481051378.98,0.0
0.59,0.9,1481051379.02,0.0
0.59,0.9,1481051379.02,0.0
0.59,0.9,1481051379.06,0.0
0.59,0.9,1481051379.06,0.0
0.59,0.9,1481051379.1,0.0
0.59,0.9,1481051379.1,0.0
0.59,0.9,1481051379.14,0.0
0.59,0.9,1481051379.14,0.0
0.59,0.9,1481051379.18,0.0
0.59,0.9,1481051379.18,0.0
0.59,0.9,1481051379.22,0.0
0.59,0.9,1481051379.22,0.0
0.59,0.9,1481051379.26,0.0
0.59,0.9,1481051379.26,0.0
0.59,0.9,1481051379.3,0.0
0.59,0.9,1481051379.3,0.0
0.59,0.9,1481051379.34,0.0
0.59,0.9,1481051379.34,0.0
0.59,0.9,1481051379.38,0.0
0.59,0.9,1481051379.38,0.0
0.59,0.9,1481051379.42,0.0
0.59,0.9,1481051379.42,0.0
0.59,0.9,1481051379.46,0.0
0.59,0.9,1481051379.46,0.0
0.59,0.9,1481051379.5,0.0
0.59,0.9,1481051379.5,0.0
0.59,0.9,1481051379.54,0.0
0.59,0.9,1481051379.54,0.0
0.59,0.9,1481051379.58,0.0
0.59,0.9,1481051379.58,0.0
0.59,0.9,1481051379.62,0.0
0.59,0.9,1481051379.62,0.0
0.59,0.9,1481051379.66,0.0
0.59,0.9,1481051379.66,0.0
0.59,0.9,1481051379.7,0.0
0.59,0.9,1481051379.7,0.0
0.59,0.9,1481051379.74,0.0
0.59,0.9,1481051379.74,0.0
0.59,0.9,1481051379.78,0.0
0.59,0.9,1481051379.78,0.0
0.59,0.9,1481051379.82,0.0
0.59,0.9,1481051379.82,0.0
0.59,0.9,1481051379.86,0.0
0.59,0.9,1481051379.86,0.0
0.59,0.9,1481051379.9,0.0
0.59,0.9,1481051379.9,0.0
0.59,0.9,1481051379.94,0.0
0.59,0.9,1481051379.94,0.0
0.59,0.9,1481051379.98,0.0
0.59,0.9,1481051379.98,0.0
0.59,0.9,1481051380.02,0.0
0.59,0.9,1481051380.03,0.0
0.59,0.9,1481051380.06,0.0
0.59,0.9,1481051380.06,0.0
0.59,0.9,1481051380.1,0.0
0.59,0.9,1481051380.1,0.0
0.59,0.9,1481051380.14,0.0
0.59,0.9,1481051380.14,0.0
0.59,0.9,1481051380.18,0.0
0.59,0.9,1481051380.18,0.0
0.59,0.9,1481051380.22,0.0
0.59,0.9,1481051380.22,0.0
0.59,0.9,1481051380.26,0.0
0.59,0.9,1481051380.26,0.0
0.59,0.9,1481051380.3,0.0
0.59,0.9,1481051380.31,0.0
0.59,0.9,1481051380.34,0.0
0.59,0.9,1481051380.34,0.0
0.59,0.9,1481051380.38,0.0
0.59,0.9,1481051380.38,0.0
0.59,0.9,1481051380.42,0.0
0.59,0.9,1481051380.42,0.0
0.59,0.9,1481051380.46,0.0
0.59,0.9,1481051380.46,0.0
0.59,0.9,1481051380.5,0.0
0.59,0.9,1481051380.5,0.0
0.59,0.9,1481051380.54,0.0
0.59,0.9,1481051380.54,0.0
0.59,0.9,1481051380.58,0.0
0.59,0.9,1481051380.58,0.0
0.59,0.9,1481051380.62,0.0
0.59,0.9,1481051380.62,0.0
0.59,0.9,1481051380.66,0.0
0.59,0.9,1481051380.66,0.0
0.59,0.9,1481051380.7,0.0
0.59,0.9,1481051380.7,0.0
0.59,0.9,1481051380.74,0.0
0.59,0.9,1481051380.74,0.0
0.59,0.9,1481051380.78,0.0
0.59,0.9,1481051380.78,0.0
0.59,0.9,1481051380.82,0.0
0.59,0.9,1481051380.82,0.0
0.59,0.9,1481051380.86,0.0
0.59,0.9,1481051380.86,0.0
0.59,0.9,1481051380.9,0.0
0.59,0.9,1481051380.9,0.0
0.59,0.9,1481051380.94,0.0
0.59,0.9,1481051380.94,0.0
0.59,0.9,1481051380.98,0.0
0.59,0.9,1481051380.98,0.0
0.59,0.9,1481051381.02,0.0
0.59,0.9,1481051381.02,0.0
0.59,0.9,1481051381.06,0.0
0.59,0.9,1481051381.06,0.0
0.59,0.9,1481051381.1,0.0
0.59,0.9,1481051381.1,0.0
0.59,0.9,1481051381.14,0.0
0.59,0.9,1481051381.14,0.0
0.59,0.9,1481051381.18,0.0
0.59,0.9,1481051381.18,0.0
0.59,0.9,1481051381.22,0.0
0.59,0.9,1481051381.22,0.0
0.59,0.9,1481051381.26,0.0
0.59,0.9,1481051381.26,0.0
0.59,0.9,1481051381.3,0.0
0.59,0.9,1481051381.3,0.0
0.59,0.9,1481051381.34,0.0
0.59,0.9,1481051381.34,0.0
0.59,0.9,1481051381.38,0.0
0.59,0.9,1481051381.39,0.0
0.59,0.9,1481051381.42,0.0
0.59,0.9,1481051381.43,0.0
0.59,0.9,1481051381.46,0.0
0.59,0.9,1481051381.46,0.0
0.59,0.9,1481051381.5,0.0
0.59,0.9,1481051381.5,0.0
0.59,0.9,1481051381.54,0.0
0.59,0.9,1481051381.54,0.0
0.59,0.9,1481051381.58,0.0
0.59,0.9,1481051381.58,0.0
0.59,0.9,1481051381.62,0.0
0.59,0.9,1481051381.62,0.0
0.59,0.9,1481051381.66,0.0
0.59,0.9,1481051381.66,0.0
0.59,0.9,1481051381.7,0.0
0.59,0.9,1481051381.7,0.0
0.59,0.9,1481051381.74,0.0
0.59,0.9,1481051381.74,0.0
0.59,0.9,1481051381.78,0.0
0.59,0.9,1481051381.78,0.0
0.59,0.9,1481051381.82,0.0
0.59,0.9,1481051381.82,0.0
0.59,0.9,1481051381.86,0.0
0.59,0.9,1481051381.86,0.0
0.59,0.9,1481051381.9,0.0
0.59,0.9,1481051381.9,0.0
0.59,0.9,1481051381.94,0.0
0.59,0.9,1481051381.94,0.0
0.59,0.9,1481051381.98,0.0
0.59,0.9,1481051381.98,0.0
0.59,0.9,1481051382.02,0.0
0.59,0.9,1481051382.02,0.0
0.59,0.9,1481051382.06,0.0
0.59,0.9,1481051382.06,0.0
0.59,0.9,1481051382.1,0.0
0.59,0.9,1481051382.1,0.0
0.59,0.9,1481051382.14,0.0
0.59,0.9,1481051382.14,0.0
0.59,0.9,1481051382.18,0.0
0.59,0.9,1481051382.18,0.0
0.59,0.9,1481051382.22,0.0
0.59,0.9,1481051382.22,0.0
0.59,0.9,1481051382.26,0.0
0.59,0.9,1481051382.26,0.0
0.59,0.9,1481051382.3,0.0
0.59,0.9,1481051382.3,0.0
0.59,0.9,1481051382.34,0.0
0.59,0.9,1481051382.34,0.0
0.59,0.9,1481051382.38,0.0
0.59,0.9,1481051382.38,0.0
0.59,0.9,1481051382.42,0.0
0.59,0.9,1481051382.42,0.0
0.59,0.9,1481051382.46,0.0
0.59,0.9,1481051382.46,0.0
0.59,0.9,1481051382.5,0.0
0.59,0.9,1481051382.5,0.0
0.59,0.9,1481051382.54,0.0
0.59,0.9,1481051382.54,0.0
0.59,0.9,1481051382.58,0.0
0.59,0.9,1481051382.58,0.0
0.59,0.9,1481051382.62,0.0
0.59,0.9,1481051382.62,0.0
0.59,0.9,1481051382.66,0.0
0.59,0.9,1481051382.66,0.0
0.59,0.9,1481051382.7,0.0
0.59,0.9,1481051382.7,0.0
0.59,0.9,1481051382.74,0.0
0.59,0.9,1481051382.74,0.0
0.59,0.9,1481051382.78,0.0
0.59,0.9,1481051382.78,0.0
0.59,0.9,1481051382.82,0.0
0.59,0.9,1481051382.83,0.0
0.59,0.9,1481051382.86,0.0
0.59,0.9,1481051382.86,0.0
0.59,0.9,1481051382.9,0.0
0.59,0.9,1481051382.9,0.0
0.59,0.9,1481051382.94,0.0
0.59,0.9,1481051382.94,0.0
0.59,0.9,1481051382.98,0.0
0.59,0.9,1481051382.98,0.0
0.59,0.9,1481051383.02,0.0
0.59,0.9,1481051383.02,0.0
0.59,0.9,1481051383.06,0.0
0.59,0.9,1481051383.06,0.0
0.59,0.9,1481051383.1,0.0
0.59,0.9,1481051383.1,0.0
0.59,0.9,1481051383.14,0.0
0.59,0.9,1481051383.15,0.0
0.59,0.9,1481051383.18,0.0
0.59,0.9,1481051383.18,0.0
0.59,0.9,1481051383.22,0.0
0.59,0.9,1481051383.22,0.0
0.59,0.9,1481051383.26,0.0
0.59,0.9,1481051383.26,0.0
0.59,0.9,1481051383.3,0.0
0.59,0.9,1481051383.3,0.0
0.59,0.9,1481051383.34,0.0
0.59,0.9,1481051383.34,0.0
0.59,0.9,1481051383.38,0.0
0.59,0.9,1481051383.38,0.0
0.59,0.9,1481051383.42,0.0
0.59,0.9,1481051383.42,0.0
0.59,0.9,1481051383.46,0.0
0.59,0.9,1481051383.46,0.0
0.59,0.9,1481051383.5,0.0
0.59,0.9,1481051383.5,0.0
0.59,0.9,1481051383.54,0.0
0.59,0.9,1481051383.55,0.0
0.59,0.9,1481051383.58,0.0
0.59,0.9,1481051383.58,0.0
0.59,0.9,1481051383.62,0.0
0.59,0.9,1481051383.62,0.0
0.59,0.9,1481051383.66,0.0
0.59,0.9,1481051383.66,0.0
0.59,0.9,1481051383.7,0.0
0.59,0.9,1481051383.7,0.0
0.59,0.9,1481051383.74,0.0
0.59,0.9,1481051383.74,0.0
0.59,0.9,1481051383.78,0.0
0.59,0.9,1481051383.78,0.0
0.59,0.9,1481051383.82,0.0
0.59,0.9,1481051383.83,0.0
0.59,0.9,1481051383.86,0.0
0.59,0.9,1481051383.87,0.0
0.59,0.9,1481051383.9,0.0
0.59,0.9,1481051383.91,0.0
0.59,0.9,1481051383.94,0.0
0.59,0.9,1481051383.94,0.0
0.59,0.9,1481051383.98,0.0
0.59,0.9,1481051383.98,0.0
0.59,0.9,1481051384.02,0.0
0.59,0.9,1481051384.03,0.0
0.59,0.9,1481051384.06,0.0
0.59,0.9,1481051384.07,0.0
0.59,0.9,1481051384.1,0.0
0.59,0.9,1481051384.1,0.0
0.59,0.9,1481051384.14,0.0
0.59,0.9,1481051384.14,0.0
0.59,0.9,1481051384.18,0.0
0.59,0.9,1481051384.18,0.0
0.59,0.9,1481051384.22,0.0
0.59,0.9,1481051384.22,0.0
0.59,0.9,1481051384.26,0.0
0.59,0.9,1481051384.26,0.0
0.59,0.9,1481051384.3,0.0
0.59,0.9,1481051384.3,0.0
0.59,0.9,1481051384.34,0.0
0.59,0.9,1481051384.34,0.0
0.59,0.9,1481051384.38,0.0
0.59,0.9,1481051384.38,0.0
0.59,0.9,1481051384.42,0.0
0.59,0.9,1481051384.42,0.0
0.59,0.9,1481051384.46,0.0
0.59,0.9,1481051384.46,0.0
0.59,0.9,1481051384.5,0.0
0.59,0.9,1481051384.5,0.0
0.59,0.9,1481051384.54,0.0
0.59,0.9,1481051384.54,0.0
0.59,0.9,1481051384.58,0.0
0.59,0.9,1481051384.58,0.0
0.59,0.9,1481051384.62,0.0
0.59,0.9,1481051384.62,0.0
0.59,0.9,1481051384.66,0.0
0.59,0.9,1481051384.66,0.0
0.59,0.9,1481051384.7,0.0
0.59,0.9,1481051384.7,0.0
0.59,0.9,1481051384.74,0.0
0.59,0.9,1481051384.74,0.0
0.59,0.9,1481051384.78,0.0
0.59,0.9,1481051384.78,0.0
0.59,0.9,1481051384.82,0.0
0.59,0.9,1481051384.82,0.0
0.59,0.9,1481051384.86,0.0
0.59,0.9,1481051384.86,0.0
0.59,0.9,1481051384.9,0.0
0.59,0.9,1481051384.9,0.0
0.59,0.9,1481051384.94,0.0
0.59,0.9,1481051384.94,0.0
0.59,0.9,1481051384.98,0.0
0.59,0.9,1481051384.98,0.0
0.59,0.9,1481051385.02,0.0
0.59,0.9,1481051385.02,0.0
0.59,0.9,1481051385.06,0.0
0.59,0.9,1481051385.06,0.0
0.59,0.9,1481051385.1,0.0
0.59,0.9,1481051385.1,0.0
0.59,0.9,1481051385.14,0.0
0.59,0.9,1481051385.14,0.0
0.59,0.9,1481051385.18,0.0
0.59,0.9,1481051385.18,0.0
0.59,0.9,1481051385.23,0.0
0.59,0.9,1481051385.23,0.0
0.59,0.9,1481051385.27,0.0
0.59,0.9,1481051385.27,0.0
0.59,0.9,1481051385.31,0.0
0.59,0.9,1481051385.31,0.0
0.59,0.9,1481051385.35,0.0
0.59,0.9,1481051385.35,0.0
0.59,0.9,1481051385.39,0.0
0.59,0.9,1481051385.39,0.0
0.59,0.9,1481051385.43,0.0
0.59,0.9,1481051385.43,0.0
0.59,0.9,1481051385.47,0.0
0.59,0.9,1481051385.47,0.0
0.59,0.9,1481051385.51,0.0
