0.0,0.0,1481051932.04,0.0
0.0,0.0,1481051932.06,0.0
0.0,0.0,1481051932.08,0.0
0.0,0.0,1481051932.1,0.0
0.0,0.0,1481051932.12,0.0
0.0,0.0,1481051932.14,0.0
0.0,0.0,1481051932.16,0.0
0.0,0.0,1481051932.18,0.0
0.0,0.0,1481051932.2,0.0
0.0,0.0,1481051932.22,0.0
0.0,0.0,1481051932.24,0.0
0.0,0.0,1481051932.26,0.0
0.0,0.0,1481051932.28,0.0
0.0,0.0,1481051932.3,0.0
0.0,0.0,1481051932.32,0.0
0.0,0.0,1481051932.34,0.0
0.0,0.0,1481051932.36,0.0
0.0,0.0,1481051932.38,0.0
0.0,0.0,1481051932.4,0.0
0.0,0.0,1481051932.42,0.0
0.0,0.0,1481051932.44,0.0
0.0,0.0,1481051932.46,0.0
0.0,0.0,1481051932.48,0.0
0.0,0.0,1481051932.5,0.0
0.0,0.0,1481051932.52,0.0
0.0,0.0,1481051932.54,0.0
0.0,0.0,1481051932.56,0.0
0.0,0.0,1481051932.58,0.0
0.0,0.0,1481051932.6,0.0
0.0,0.0,1481051932.62,0.0
0.0,0.0,1481051932.64,0.0
0.0,0.0,1481051932.66,0.0
0.0,0.0,1481051932.68,0.0
0.0,0.0,1481051932.7,0.0
0.0,0.0,1481051932.72,0.0
0.0,0.0,1481051932.74,0.0
0.0,0.0,1481051932.76,0.0
0.0,0.0,1481051932.78,0.0
0.0,0.0,1481051932.8,0.0
0.0,0.0,1481051932.82,0.0
0.0,0.0,1481051932.84,0.0
0.0,0.0,1481051932.86,0.0
0.0,0.0,1481051932.89,0.0
0.0,0.0,1481051932.92,0.0
0.0,0.0,1481051932.92,0.0
0.0,0.0,1481051932.95,0.0
0.0,0.0,1481051932.96,0.0
0.0,0.0,1481051932.98,0.0
0.0,0.0,1481051933.0,0.0
0.0,0.0,1481051933.02,0.0
0.0,0.0,1481051933.04,0.0
0.0,0.0,1481051933.06,0.0
0.0,0.0,1481051933.08,0.0
0.0,0.0,1481051933.1,0.0
0.0,0.0,1481051933.12,0.0
0.0,0.0,1481051933.14,0.0
0.0,0.0,1481051933.16,0.0
0.0,0.0,1481051933.18,0.0
0.0,0.0,1481051933.2,0.0
0.0,0.0,1481051933.22,0.0
0.0,0.0,1481051933.24,0.0
0.0,0.0,1481051933.26,0.0
0.0,0.0,1481051933.28,0.0
0.0,0.0,1481051933.3,0.0
0.0,0.0,1481051933.32,0.0
0.0,0.0,1481051933.34,0.0
0.0,0.0,1481051933.36,0.0
0.0,0.0,1481051933.38,0.0
0.0,0.0,1481051933.4,0.0
0.0,0.0,1481051933.42,0.0
0.0,0.0,1481051933.44,0.0
0.0,0.0,1481051933.46,0.0
0.0,0.0,1481051933.48,0.0
0.0,0.0,1481051933.5,0.0
0.0,0.0,1481051933.52,0.0
0.0,0.0,1481051933.54,0.0
0.0,0.0,1481051933.56,0.0
0.0,0.0,1481051933.58,0.0
0.0,0.0,1481051933.6,0.0
0.0,0.0,1481051933.62,0.0
0.0,0.0,1481051933.64,0.0
0.0,0.0,1481051933.66,0.0
0.0,0.0,1481051933.68,0.0
0.0,0.0,1481051933.7,0.0
0.0,0.0,1481051933.72,0.0
0.0,0.0,1481051933.74,0.0
0.0,0.0,1481051933.76,0.0
0.0,0.0,1481051933.78,0.0
0.0,0.0,1481051933.8,0.0
0.0,0.0,1481051933.82,0.0
0.0,0.0,1481051933.84,0.0
0.0,0.0,1481051933.86,0.0
0.0,0.0,1481051933.88,0.0
0.0,0.0,1481051933.9,0.0
0.0,0.0,1481051933.92,0.0
0.0,0.0,1481051933.94,0.0
0.0,0.0,1481051933.96,0.0
0.0,0.0,1481051933.98,0.0
0.0,0.0,1481051934.0,0.0
0.0,0.0,1481051934.02,0.0
0.0,0.0,1481051934.04,0.0
0.0,0.0,1481051934.06,0.0
0.0,0.0,1481051934.08,0.0
0.0,0.0,1481051934.1,0.0
0.0,0.0,1481051934.12,0.0
0.0,0.0,1481051934.14,0.0
0.0,0.0,1481051934.16,0.0
0.0,0.0,1481051934.18,0.0
0.0,0.0,1481051934.2,0.0
0.0,0.0,1481051934.22,0.0
0.0,0.0,1481051934.24,0.0
0.0,0.0,1481051934.26,0.0
0.0,0.0,1481051934.28,0.0
0.0,0.0,1481051934.3,0.0
0.0,0.0,1481051934.32,0.0
0.0,0.0,1481051934.34,0.0
0.0,0.0,1481051934.36,0.0
0.0,0.0,1481051934.38,0.0
0.0,0.0,1481051934.4,0.0
0.0,0.0,1481051934.42,0.0
0.0,0.0,1481051934.44,0.0
0.0,0.0,1481051934.46,0.0
0.0,0.0,1481051934.48,0.0
0.0,0.0,1481051934.5,0.0
0.0,0.0,1481051934.52,0.0
0.0,0.0,1481051934.54,0.0
0.0,0.0,1481051934.56,0.0
0.0,0.0,1481051934.6,0.0
0.0,0.0,1481051934.6,0.0
0.0,0.0,1481051934.62,0.0
0.0,0.0,1481051934.64,0.0
0.0,0.0,1481051934.66,0.0
0.0,0.0,1481051934.68,0.0
0.0,0.0,1481051934.7,0.0
0.0,0.0,1481051934.72,0.0
0.0,0.0,1481051934.74,0.0
0.0,0.0,1481051934.76,0.0
0.0,0.0,1481051934.78,0.0
0.0,0.0,1481051934.8,0.0
0.0,0.0,1481051934.82,0.0
0.0,0.0,1481051934.84,0.0
0.0,0.0,1481051934.86,0.0
0.0,0.0,1481051934.88,0.0
0.0,0.0,1481051934.9,0.0
0.0,0.0,1481051934.92,0.0
0.0,0.0,1481051934.94,0.0
0.0,0.0,1481051934.96,0.0
0.0,0.0,1481051934.98,0.0
0.0,0.0,1481051935.0,0.0
0.0,0.0,1481051935.02,0.0
0.0,0.0,1481051935.04,0.0
0.0,0.0,1481051935.06,0.0
0.0,0.0,1481051935.08,0.0
0.0,0.0,1481051935.1,0.0
0.0,0.0,1481051935.12,0.0
0.0,0.0,1481051935.14,0.0
0.0,0.0,1481051935.16,0.0
0.0,0.0,1481051935.18,0.0
0.0,0.0,1481051935.2,0.0
0.0,0.0,1481051935.22,0.0
0.0,0.0,1481051935.24,0.0
0.0,0.0,1481051935.26,0.0
0.0,0.0,1481051935.3,0.0
0.0,0.0,1481051935.3,0.0
0.0,0.0,1481051935.32,0.0
0.0,0.0,1481051935.34,0.0
0.0,0.0,1481051935.36,0.0
0.0,0.0,1481051935.38,0.0
0.0,0.0,1481051935.4,0.0
0.0,0.0,1481051935.42,0.0
0.0,0.0,1481051935.44,0.0
0.0,0.0,1481051935.46,0.0
0.0,0.0,1481051935.48,0.0
0.0,0.0,1481051935.5,0.0
0.0,0.0,1481051935.52,0.0
0.0,0.0,1481051935.54,0.0
0.0,0.0,1481051935.56,0.0
0.0,0.0,1481051935.58,3.14159265359
0.0,0.0,1481051935.6,0.0
0.0,0.0,1481051935.62,0.0
0.0,0.0,1481051935.64,0.0
0.0,0.0,1481051935.66,0.0
0.0,0.0,1481051935.68,0.0
0.0,0.0,1481051935.7,0.0
0.0,0.0,1481051935.72,0.0
0.0,0.0,1481051935.74,0.0
0.0,0.0,1481051935.76,0.0
0.0,0.0,1481051935.78,0.0
0.0,0.0,1481051935.8,0.0
0.0,0.0,1481051935.82,0.0
0.0,0.0,1481051935.84,0.0
0.0,0.0,1481051935.86,0.0
0.0,0.0,1481051935.88,0.0
0.0,0.0,1481051935.9,0.0
0.0,0.0,1481051935.92,0.0
0.0,0.0,1481051935.94,0.0
0.0,0.0,1481051935.96,0.0
0.0,0.0,1481051935.98,0.0
0.0,0.0,1481051936.0,0.0
0.0,0.0,1481051936.02,0.0
0.0,0.0,1481051936.04,0.0
0.0,0.0,1481051936.06,0.0
0.0,0.0,1481051936.08,0.0
0.0,0.0,1481051936.1,0.0
0.0,0.0,1481051936.12,0.0
0.0,0.0,1481051936.16,0.0
0.0,0.0,1481051936.2,0.0
0.0,0.0,1481051936.2,0.0
0.0,0.0,1481051936.24,0.0
0.0,0.0,1481051936.24,0.0
0.0,0.0,1481051936.28,0.0
0.0,0.0,1481051936.28,0.0
0.0,0.0,1481051936.32,0.0
0.0,0.0,1481051936.32,0.0
0.0,0.0,1481051936.36,0.0
0.0,0.0,1481051936.36,0.0
0.0,0.0,1481051936.4,0.0
0.0,0.0,1481051936.4,0.0
0.0,0.0,1481051936.44,0.0
0.0,0.0,1481051936.44,0.0
0.0,0.0,1481051936.48,0.0
0.0,0.0,1481051936.48,0.0
0.0,0.0,1481051936.52,0.0
0.0,0.0,1481051936.52,0.0
0.0,0.0,1481051936.56,0.0
0.0,0.0,1481051936.56,0.0
0.0,0.0,1481051936.6,0.0
0.0,0.0,1481051936.6,0.0
0.0,0.0,1481051936.64,0.0
0.0,0.0,1481051936.64,0.0
0.0,0.0,1481051936.68,0.0
0.0,0.0,1481051936.68,0.0
0.0,0.0,1481051936.72,0.0
0.0,0.0,1481051936.72,0.0
0.0,0.0,1481051936.76,0.0
0.0,0.0,1481051936.76,0.0
0.0,0.0,1481051936.8,0.0
0.0,0.0,1481051936.8,0.0
0.0,0.0,1481051936.84,0.0
0.0,0.0,1481051936.84,0.0
0.0,0.0,1481051936.88,0.0
0.0,0.0,1481051936.88,0.0
0.0,0.0,1481051936.92,0.0
0.0,0.0,1481051936.92,0.0
0.0,0.0,1481051936.96,0.0
0.0,0.0,1481051936.96,0.0
0.0,0.0,1481051937.0,0.0
0.0,0.0,1481051937.0,0.0
0.0,0.0,1481051937.04,3.14159265359
0.0,0.0,1481051937.04,3.14159265359
0.0,0.0,1481051937.08,0.0
0.0,0.0,1481051937.08,0.0
0.0,0.0,1481051937.12,0.0
0.0,0.0,1481051937.12,0.0
0.0,0.0,1481051937.16,0.0
0.0,0.0,1481051937.16,0.0
0.0,0.0,1481051937.2,0.0
0.0,0.0,1481051937.2,0.0
0.01,0.0,1481051937.24,0.0
0.01,0.0,1481051937.24,0.0
0.01,0.0,1481051937.28,0.0
0.01,0.0,1481051937.28,0.0
0.01,0.0,1481051937.32,0.0
0.01,0.0,1481051937.32,0.0
0.01,0.01,1481051937.36,0.0
0.01,0.01,1481051937.36,0.0
0.01,0.01,1481051937.4,0.0
0.01,0.01,1481051937.4,0.0
0.02,0.01,1481051937.44,0.0
0.02,0.01,1481051937.44,0.0
0.02,0.01,1481051937.48,0.0
0.02,0.01,1481051937.48,0.0
0.02,0.01,1481051937.52,0.0
0.02,0.01,1481051937.52,0.0
0.02,0.01,1481051937.56,0.0
0.02,0.01,1481051937.56,0.0
0.02,0.01,1481051937.6,0.0
0.02,0.01,1481051937.6,0.0
0.02,0.01,1481051937.64,0.0
0.02,0.01,1481051937.64,0.0
0.02,0.01,1481051937.68,0.0
0.02,0.01,1481051937.68,0.0
0.03,0.01,1481051937.72,0.0
0.03,0.01,1481051937.72,0.0
0.03,0.01,1481051937.76,0.0
0.03,0.01,1481051937.76,0.0
0.03,0.01,1481051937.8,0.0
0.03,0.01,1481051937.8,0.0
0.03,0.01,1481051937.84,0.0
0.03,0.01,1481051937.84,0.0
0.03,0.01,1481051937.88,0.0
0.03,0.01,1481051937.88,0.0
0.03,0.01,1481051937.92,0.0
0.03,0.01,1481051937.92,0.0
0.03,0.01,1481051937.96,0.0
0.03,0.01,1481051937.96,0.0
0.03,0.01,1481051938.0,0.0
0.03,0.01,1481051938.0,0.0
0.03,0.01,1481051938.04,0.0
0.03,0.01,1481051938.04,0.0
0.03,0.01,1481051938.08,0.0
0.03,0.01,1481051938.08,0.0
0.04,0.01,1481051938.12,0.0
0.04,0.01,1481051938.12,0.0
0.04,0.02,1481051938.16,0.0
0.04,0.02,1481051938.16,0.0
0.04,0.02,1481051938.2,0.0
0.04,0.02,1481051938.2,0.0
0.04,0.02,1481051938.24,0.0
0.04,0.02,1481051938.24,0.0
0.04,0.02,1481051938.28,0.0
0.04,0.02,1481051938.28,0.0
0.04,0.02,1481051938.32,0.0
0.04,0.02,1481051938.32,0.0
0.05,0.02,1481051938.36,0.0
0.05,0.02,1481051938.36,0.0
0.05,0.02,1481051938.4,0.0
0.05,0.02,1481051938.4,0.0
0.05,0.02,1481051938.44,0.0
0.05,0.02,1481051938.44,0.0
0.05,0.03,1481051938.48,0.0
0.06,0.03,1481051938.48,0.0
0.06,0.03,1481051938.52,0.0
0.06,0.03,1481051938.52,0.0
0.07,0.03,1481051938.56,0.0
0.07,0.03,1481051938.56,0.0
0.07,0.03,1481051938.6,0.0
0.08,0.03,1481051938.6,0.0
0.08,0.03,1481051938.64,0.0
0.08,0.03,1481051938.64,0.0
0.09,0.03,1481051938.68,0.0
0.09,0.03,1481051938.68,0.0
0.1,0.03,1481051938.72,0.0
0.1,0.03,1481051938.72,0.0
0.1,0.03,1481051938.76,0.0
0.11,0.03,1481051938.76,0.0
0.11,0.03,1481051938.8,0.0
0.12,0.03,1481051938.8,0.0
0.12,0.03,1481051938.84,0.0
0.13,0.03,1481051938.84,0.0
0.13,0.03,1481051938.88,0.0
0.14,0.03,1481051938.88,0.0
0.14,0.03,1481051938.92,0.0
0.15,0.03,1481051938.92,0.0
0.15,0.03,1481051938.96,0.0
0.16,0.03,1481051938.96,0.0
0.16,0.03,1481051939.0,0.0
0.17,0.03,1481051939.0,0.0
0.17,0.04,1481051939.04,0.0
0.18,0.04,1481051939.04,0.0
0.18,0.04,1481051939.08,0.0
0.18,0.04,1481051939.08,0.0
0.19,0.04,1481051939.12,0.0
0.19,0.04,1481051939.12,0.0
0.2,0.04,1481051939.16,0.0
0.2,0.04,1481051939.16,0.0
0.21,0.04,1481051939.2,0.0
0.21,0.04,1481051939.2,0.0
0.21,0.04,1481051939.24,0.0
0.22,0.04,1481051939.24,0.0
0.22,0.04,1481051939.28,0.0
0.22,0.04,1481051939.28,0.0
0.23,0.04,1481051939.32,0.0
0.23,0.04,1481051939.32,0.0
0.24,0.04,1481051939.36,0.0
0.24,0.04,1481051939.36,0.0
0.24,0.04,1481051939.4,0.0
0.25,0.04,1481051939.4,0.0
0.25,0.04,1481051939.44,0.0
0.26,0.04,1481051939.44,0.0
0.26,0.04,1481051939.48,0.0
0.26,0.04,1481051939.48,0.0
0.27,0.04,1481051939.52,0.0
0.27,0.04,1481051939.52,0.0
0.28,0.04,1481051939.56,0.0
0.28,0.04,1481051939.56,0.0
0.29,0.04,1481051939.6,0.0
0.29,0.04,1481051939.6,0.0
0.3,0.04,1481051939.64,0.0
0.3,0.04,1481051939.64,0.0
0.31,0.04,1481051939.68,0.0
0.31,0.04,1481051939.68,0.0
0.32,0.04,1481051939.72,0.0
0.32,0.04,1481051939.72,0.0
0.33,0.04,1481051939.76,0.0
0.33,0.04,1481051939.76,0.0
0.34,0.04,1481051939.8,0.0
0.34,0.04,1481051939.8,0.0
0.35,0.04,1481051939.84,0.0
0.35,0.04,1481051939.84,0.0
0.36,0.04,1481051939.88,0.0
0.36,0.04,1481051939.88,0.0
0.37,0.04,1481051939.92,0.0
0.37,0.04,1481051939.92,0.0
0.38,0.04,1481051939.96,0.0
0.38,0.04,1481051939.96,0.0
0.39,0.04,1481051940.0,0.0
0.39,0.04,1481051940.0,0.0
0.4,0.04,1481051940.04,0.0
0.4,0.04,1481051940.04,0.0
0.41,0.04,1481051940.08,0.0
0.41,0.04,1481051940.08,0.0
0.42,0.04,1481051940.12,0.0
0.42,0.04,1481051940.12,0.0
0.43,0.04,1481051940.16,0.0
0.43,0.04,1481051940.16,0.0
0.44,0.04,1481051940.2,0.0
0.44,0.04,1481051940.2,0.0
0.45,0.04,1481051940.24,0.0
0.45,0.05,1481051940.24,0.0
0.46,0.05,1481051940.28,0.0
0.46,0.05,1481051940.28,0.0
0.46,0.05,1481051940.32,0.0
0.47,0.05,1481051940.32,0.0
0.47,0.05,1481051940.36,0.0
0.48,0.05,1481051940.36,0.0
0.48,0.05,1481051940.4,0.0
0.48,0.05,1481051940.4,0.0
0.49,0.05,1481051940.44,0.0
0.49,0.05,1481051940.44,0.0
0.49,0.05,1481051940.48,0.0
0.5,0.05,1481051940.48,0.0
0.5,0.05,1481051940.52,0.0
0.51,0.05,1481051940.52,0.0
0.51,0.05,1481051940.56,0.0
0.51,0.05,1481051940.56,0.0
0.52,0.05,1481051940.6,0.0
0.52,0.05,1481051940.6,0.0
0.52,0.05,1481051940.64,0.0
0.53,0.05,1481051940.64,0.0
0.53,0.05,1481051940.68,0.0
0.54,0.05,1481051940.68,0.0
0.54,0.05,1481051940.72,0.0
0.55,0.05,1481051940.72,0.0
0.55,0.05,1481051940.76,0.0
0.55,0.05,1481051940.76,0.0
0.56,0.05,1481051940.8,0.0
0.56,0.05,1481051940.8,0.0
0.57,0.05,1481051940.84,0.0
0.57,0.05,1481051940.84,0.0
0.57,0.05,1481051940.88,0.0
0.58,0.05,1481051940.88,0.0
0.58,0.05,1481051940.92,0.0
0.59,0.05,1481051940.92,0.0
0.59,0.05,1481051940.96,0.0
0.6,0.05,1481051940.96,0.0
0.6,0.05,1481051941.0,0.0
0.61,0.05,1481051941.0,0.0
0.61,0.05,1481051941.04,0.0
0.61,0.05,1481051941.04,0.0
0.62,0.05,1481051941.08,0.0
0.62,0.05,1481051941.08,0.0
0.63,0.05,1481051941.12,0.0
0.63,0.05,1481051941.12,0.0
0.64,0.05,1481051941.16,0.0
0.64,0.05,1481051941.16,0.0
0.64,0.05,1481051941.2,0.0
0.65,0.05,1481051941.2,0.0
0.65,0.05,1481051941.24,0.0
0.66,0.05,1481051941.24,0.0
0.66,0.05,1481051941.28,0.0
0.67,0.05,1481051941.28,0.0
0.67,0.05,1481051941.32,0.0
0.68,0.05,1481051941.32,0.0
0.68,0.05,1481051941.36,0.0
0.69,0.05,1481051941.36,0.0
0.69,0.05,1481051941.4,0.0
0.7,0.05,1481051941.4,0.0
0.7,0.05,1481051941.44,0.0
0.71,0.05,1481051941.44,0.0
0.71,0.05,1481051941.48,0.0
0.72,0.05,1481051941.48,0.0
0.72,0.05,1481051941.52,0.0
0.72,0.05,1481051941.52,0.0
0.73,0.05,1481051941.56,0.0
0.73,0.05,1481051941.56,0.0
0.74,0.05,1481051941.6,0.0
0.74,0.05,1481051941.6,0.0
0.75,0.05,1481051941.64,0.0
0.75,0.05,1481051941.64,0.0
0.76,0.05,1481051941.68,0.0
0.76,0.05,1481051941.68,0.0
0.76,0.05,1481051941.72,0.0
0.77,0.05,1481051941.72,0.0
0.77,0.05,1481051941.76,0.0
0.78,0.05,1481051941.76,0.0
0.78,0.05,1481051941.8,0.0
0.78,0.05,1481051941.8,0.0
0.79,0.05,1481051941.84,0.0
0.79,0.05,1481051941.84,0.0
0.8,0.05,1481051941.88,0.0
0.8,0.05,1481051941.88,0.0
0.8,0.05,1481051941.92,0.0
0.81,0.05,1481051941.92,0.0
0.81,0.05,1481051941.96,0.0
0.82,0.05,1481051941.96,0.0
0.82,0.05,1481051942.0,0.0
0.82,0.05,1481051942.0,0.0
0.83,0.05,1481051942.04,0.0
0.83,0.05,1481051942.04,0.0
0.84,0.05,1481051942.08,0.0
0.84,0.05,1481051942.08,0.0
0.84,0.05,1481051942.12,0.0
0.84,0.05,1481051942.12,0.0
0.85,0.05,1481051942.16,0.0
0.85,0.04,1481051942.16,0.0
0.85,0.04,1481051942.2,0.0
0.86,0.04,1481051942.2,0.0
0.86,0.04,1481051942.24,0.0
0.87,0.04,1481051942.24,0.0
0.87,0.04,1481051942.28,0.0
0.88,0.05,1481051942.28,0.0
0.88,0.05,1481051942.32,0.0
0.88,0.05,1481051942.32,0.0
0.88,0.05,1481051942.36,0.0
0.89,0.05,1481051942.36,0.0
0.89,0.06,1481051942.4,0.0
0.89,0.06,1481051942.4,3.14159265359
0.89,0.06,1481051942.44,3.14159265359
0.89,0.06,1481051942.44,3.14159265359
0.88,0.07,1481051942.48,3.14159265359
0.88,0.07,1481051942.48,3.14159265359
0.88,0.07,1481051942.52,3.14159265359
0.88,0.07,1481051942.52,3.14159265359
0.88,0.07,1481051942.56,3.14159265359
0.88,0.07,1481051942.56,0.0
0.88,0.07,1481051942.6,0.0
0.88,0.08,1481051942.6,0.0
0.88,0.08,1481051942.64,0.0
0.88,0.08,1481051942.64,0.0
0.89,0.08,1481051942.68,0.0
0.89,0.08,1481051942.68,0.0
0.89,0.08,1481051942.72,0.0
0.89,0.08,1481051942.72,0.0
0.89,0.08,1481051942.76,0.0
0.89,0.09,1481051942.76,0.0
0.89,0.09,1481051942.8,0.0
0.89,0.09,1481051942.8,0.0
0.89,0.09,1481051942.84,0.0
0.89,0.09,1481051942.84,0.0
0.89,0.09,1481051942.88,0.0
0.89,0.09,1481051942.88,0.0
0.89,0.09,1481051942.92,0.0
0.89,0.09,1481051942.92,0.0
0.89,0.09,1481051942.96,0.0
0.89,0.09,1481051942.96,0.0
0.89,0.09,1481051943.0,0.0
0.89,0.09,1481051943.0,0.0
0.89,0.09,1481051943.04,0.0
0.89,0.09,1481051943.04,0.0
0.89,0.09,1481051943.08,0.0
0.89,0.09,1481051943.08,0.0
0.89,0.09,1481051943.12,0.0
0.89,0.09,1481051943.12,0.0
0.89,0.09,1481051943.16,0.0
0.89,0.09,1481051943.16,0.0
0.89,0.09,1481051943.2,0.0
0.89,0.09,1481051943.2,0.0
0.89,0.09,1481051943.24,0.0
0.89,0.09,1481051943.24,0.0
0.89,0.09,1481051943.28,0.0
0.89,0.09,1481051943.28,0.0
0.89,0.09,1481051943.32,0.0
0.89,0.09,1481051943.32,0.0
0.89,0.09,1481051943.36,0.0
0.89,0.09,1481051943.36,0.0
0.89,0.09,1481051943.4,0.0
0.89,0.09,1481051943.4,0.0
0.89,0.09,1481051943.44,0.0
0.89,0.09,1481051943.44,0.0
0.89,0.09,1481051943.48,0.0
0.89,0.09,1481051943.48,0.0
0.89,0.09,1481051943.52,0.0
0.89,0.09,1481051943.52,0.0
0.89,0.09,1481051943.56,0.0
0.89,0.09,1481051943.56,0.0
0.89,0.09,1481051943.6,0.0
0.89,0.09,1481051943.6,0.0
0.89,0.09,1481051943.64,0.0
0.89,0.09,1481051943.64,0.0
0.89,0.09,1481051943.68,0.0
0.89,0.09,1481051943.68,0.0
0.89,0.09,1481051943.72,0.0
0.89,0.09,1481051943.72,0.0
0.89,0.09,1481051943.76,0.0
0.89,0.08,1481051943.76,0.0
0.89,0.08,1481051943.8,0.0
0.89,0.08,1481051943.8,0.0
0.89,0.08,1481051943.84,0.0
0.89,0.08,1481051943.84,0.0
0.89,0.08,1481051943.88,0.0
0.89,0.08,1481051943.88,0.0
0.89,0.08,1481051943.92,0.0
0.89,0.08,1481051943.92,0.0
0.89,0.08,1481051943.96,0.0
0.89,0.08,1481051943.96,0.0
0.89,0.08,1481051944.0,0.0
0.89,0.08,1481051944.0,0.0
0.89,0.08,1481051944.04,0.0
0.89,0.08,1481051944.04,0.0
0.89,0.08,1481051944.08,0.0
0.89,0.08,1481051944.08,0.0
0.89,0.08,1481051944.12,0.0
0.89,0.08,1481051944.12,0.0
0.89,0.08,1481051944.16,0.0
0.89,0.08,1481051944.16,0.0
0.89,0.08,1481051944.2,0.0
0.89,0.08,1481051944.2,0.0
0.89,0.08,1481051944.24,0.0
0.89,0.08,1481051944.24,0.0
0.89,0.08,1481051944.28,0.0
0.89,0.08,1481051944.28,0.0
0.89,0.08,1481051944.32,0.0
0.89,0.08,1481051944.32,0.0
0.89,0.08,1481051944.36,0.0
0.89,0.08,1481051944.36,0.0
0.89,0.08,1481051944.4,0.0
0.89,0.08,1481051944.4,0.0
0.89,0.08,1481051944.44,0.0
0.89,0.08,1481051944.44,0.0
0.89,0.08,1481051944.48,0.0
0.89,0.08,1481051944.48,0.0
0.89,0.08,1481051944.52,0.0
0.89,0.08,1481051944.52,0.0
0.89,0.08,1481051944.56,0.0
0.89,0.08,1481051944.56,0.0
0.89,0.08,1481051944.6,0.0
0.89,0.08,1481051944.6,0.0
0.89,0.08,1481051944.64,0.0
0.89,0.08,1481051944.64,0.0
0.89,0.08,1481051944.68,0.0
0.89,0.08,1481051944.68,0.0
0.89,0.08,1481051944.72,0.0
0.89,0.08,1481051944.72,0.0
0.89,0.08,1481051944.76,0.0
0.89,0.08,1481051944.76,0.0
0.89,0.08,1481051944.8,0.0
0.89,0.08,1481051944.8,0.0
0.89,0.08,1481051944.84,0.0
0.89,0.08,1481051944.84,0.0
0.89,0.08,1481051944.88,0.0
0.89,0.08,1481051944.88,0.0
0.89,0.08,1481051944.92,0.0
0.89,0.08,1481051944.92,0.0
0.89,0.08,1481051944.96,0.0
0.89,0.08,1481051944.96,0.0
0.89,0.08,1481051945.0,0.0
0.89,0.08,1481051945.0,0.0
0.89,0.08,1481051945.04,0.0
0.89,0.08,1481051945.04,0.0
0.89,0.08,1481051945.08,0.0
0.89,0.08,1481051945.08,0.0
0.89,0.08,1481051945.12,0.0
0.89,0.08,1481051945.12,0.0
0.89,0.08,1481051945.16,0.0
0.89,0.08,1481051945.16,3.14159265359
0.89,0.08,1481051945.2,0.0
0.89,0.08,1481051945.2,0.0
0.89,0.08,1481051945.24,0.0
0.89,0.08,1481051945.24,0.0
0.89,0.08,1481051945.28,0.0
0.89,0.08,1481051945.28,0.0
0.89,0.08,1481051945.32,0.0
0.89,0.08,1481051945.32,0.0
0.89,0.08,1481051945.36,0.0
0.89,0.08,1481051945.36,0.0
0.89,0.08,1481051945.4,0.0
0.89,0.08,1481051945.4,0.0
0.89,0.08,1481051945.44,0.0
0.89,0.08,1481051945.44,0.0
0.89,0.08,1481051945.48,0.0
0.89,0.08,1481051945.48,0.0
0.89,0.08,1481051945.52,0.0
0.89,0.08,1481051945.52,0.0
0.89,0.08,1481051945.56,0.0
0.89,0.08,1481051945.56,0.0
0.89,0.08,1481051945.6,0.0
0.89,0.08,1481051945.6,0.0
0.89,0.08,1481051945.64,0.0
0.89,0.08,1481051945.64,0.0
0.89,0.08,1481051945.68,0.0
0.89,0.08,1481051945.68,0.0
0.89,0.08,1481051945.72,0.0
0.89,0.08,1481051945.72,0.0
0.89,0.08,1481051945.76,0.0
0.89,0.08,1481051945.76,0.0
0.89,0.08,1481051945.8,0.0
0.89,0.08,1481051945.8,0.0
0.89,0.08,1481051945.84,0.0
0.89,0.08,1481051945.84,0.0
0.89,0.08,1481051945.88,0.0
0.89,0.08,1481051945.88,0.0
0.89,0.08,1481051945.92,0.0
0.89,0.08,1481051945.92,0.0
0.89,0.08,1481051945.96,0.0
0.89,0.08,1481051945.96,0.0
0.89,0.08,1481051946.0,0.0
0.89,0.08,1481051946.0,0.0
0.89,0.08,1481051946.04,0.0
0.89,0.08,1481051946.04,0.0
0.89,0.08,1481051946.08,0.0
0.89,0.08,1481051946.08,0.0
0.89,0.08,1481051946.12,0.0
0.89,0.08,1481051946.12,0.0
0.89,0.08,1481051946.16,0.0
0.89,0.08,1481051946.16,0.0
0.89,0.08,1481051946.2,0.0
0.89,0.08,1481051946.2,0.0
0.89,0.08,1481051946.24,0.0
0.89,0.08,1481051946.24,0.0
0.89,0.08,1481051946.28,0.0
0.89,0.08,1481051946.28,0.0
0.89,0.08,1481051946.32,0.0
0.89,0.08,1481051946.32,0.0
0.89,0.08,1481051946.36,0.0
0.89,0.08,1481051946.36,0.0
0.89,0.08,1481051946.4,0.0
0.89,0.08,1481051946.4,0.0
0.89,0.08,1481051946.44,0.0
0.89,0.08,1481051946.44,0.0
0.89,0.08,1481051946.48,0.0
0.89,0.08,1481051946.48,0.0
0.89,0.08,1481051946.52,0.0
0.89,0.08,1481051946.52,0.0
0.89,0.08,1481051946.56,0.0
0.89,0.08,1481051946.56,0.0
0.89,0.08,1481051946.6,0.0
0.89,0.08,1481051946.6,0.0
0.89,0.08,1481051946.64,0.0
0.89,0.08,1481051946.64,0.0
0.89,0.08,1481051946.68,0.0
0.89,0.08,1481051946.68,0.0
0.89,0.08,1481051946.72,0.0
0.89,0.08,1481051946.72,0.0
0.89,0.08,1481051946.76,0.0
0.89,0.08,1481051946.76,0.0
0.89,0.08,1481051946.8,0.0
0.89,0.08,1481051946.8,0.0
0.89,0.08,1481051946.84,0.0
0.89,0.08,1481051946.84,0.0
0.89,0.08,1481051946.88,0.0
0.89,0.08,1481051946.88,0.0
0.89,0.08,1481051946.92,0.0
0.89,0.08,1481051946.92,0.0
0.89,0.08,1481051946.96,0.0
0.89,0.08,1481051946.96,0.0
0.89,0.08,1481051947.0,0.0
0.89,0.08,1481051947.0,0.0
0.89,0.08,1481051947.04,0.0
0.89,0.08,1481051947.04,0.0
0.89,0.08,1481051947.08,0.0
0.89,0.08,1481051947.08,0.0
0.89,0.08,1481051947.12,0.0
0.89,0.08,1481051947.12,0.0
0.89,0.08,1481051947.16,0.0
0.89,0.08,1481051947.16,0.0
0.89,0.08,1481051947.2,0.0
0.89,0.08,1481051947.2,0.0
0.89,0.08,1481051947.24,0.0
0.89,0.08,1481051947.24,0.0
0.89,0.08,1481051947.28,0.0
0.89,0.08,1481051947.28,0.0
0.89,0.08,1481051947.32,0.0
0.89,0.08,1481051947.32,0.0
0.89,0.08,1481051947.36,0.0
0.89,0.08,1481051947.36,0.0
0.89,0.08,1481051947.4,0.0
0.89,0.08,1481051947.4,3.14159265359
0.89,0.08,1481051947.44,3.14159265359
0.89,0.08,1481051947.44,3.14159265359
0.89,0.08,1481051947.48,0.0
0.89,0.08,1481051947.48,0.0
0.89,0.08,1481051947.52,0.0
0.89,0.08,1481051947.52,3.14159265359
0.89,0.08,1481051947.56,0.0
0.89,0.08,1481051947.56,0.0
0.89,0.08,1481051947.6,0.0
0.89,0.08,1481051947.6,3.14159265359
0.89,0.08,1481051947.64,0.0
0.89,0.08,1481051947.64,0.0
0.89,0.09,1481051947.68,3.14159265359
0.89,0.09,1481051947.68,3.14159265359
0.89,0.09,1481051947.72,0.0
0.89,0.09,1481051947.72,0.0
0.89,0.09,1481051947.76,3.14159265359
0.89,0.09,1481051947.76,3.14159265359
0.89,0.09,1481051947.8,0.0
0.89,0.09,1481051947.81,0.0
0.89,0.09,1481051947.84,0.0
0.89,0.09,1481051947.84,3.14159265359
0.89,0.09,1481051947.88,3.14159265359
0.89,0.09,1481051947.88,0.0
0.89,0.09,1481051947.92,0.0
0.89,0.09,1481051947.92,0.0
0.89,0.09,1481051947.96,0.0
0.89,0.09,1481051947.97,0.0
0.89,0.09,1481051948.0,0.0
0.89,0.09,1481051948.0,0.0
0.89,0.09,1481051948.04,0.0
0.89,0.09,1481051948.04,0.0
0.89,0.09,1481051948.08,0.0
0.89,0.09,1481051948.08,0.0
0.89,0.09,1481051948.12,0.0
0.89,0.09,1481051948.12,0.0
0.89,0.09,1481051948.16,0.0
0.89,0.1,1481051948.16,0.0
0.89,0.1,1481051948.2,0.0
0.89,0.1,1481051948.2,0.0
0.89,0.1,1481051948.24,0.0
0.89,0.1,1481051948.24,0.0
0.89,0.1,1481051948.28,0.0
0.89,0.1,1481051948.28,3.14159265359
0.89,0.1,1481051948.32,0.0
0.89,0.1,1481051948.32,3.14159265359
0.89,0.1,1481051948.36,3.14159265359
0.89,0.11,1481051948.36,3.14159265359
0.89,0.11,1481051948.4,3.14159265359
0.89,0.11,1481051948.4,3.14159265359
0.89,0.11,1481051948.44,3.14159265359
0.89,0.11,1481051948.44,3.14159265359
0.89,0.12,1481051948.48,3.14159265359
0.89,0.12,1481051948.48,3.14159265359
0.89,0.12,1481051948.52,3.14159265359
0.89,0.12,1481051948.52,3.14159265359
0.89,0.13,1481051948.56,3.14159265359
0.89,0.13,1481051948.56,3.14159265359
0.89,0.13,1481051948.6,3.14159265359
0.89,0.14,1481051948.6,3.14159265359
0.88,0.14,1481051948.64,3.14159265359
0.88,0.15,1481051948.65,3.14159265359
0.88,0.15,1481051948.68,0.0
0.88,0.15,1481051948.68,0.0
0.89,0.16,1481051948.72,0.0
0.89,0.16,1481051948.72,0.0
0.89,0.17,1481051948.76,0.0
0.89,0.17,1481051948.76,0.0
0.89,0.18,1481051948.8,0.0
0.89,0.18,1481051948.8,0.0
0.89,0.19,1481051948.84,0.0
0.89,0.19,1481051948.85,0.0
0.89,0.2,1481051948.88,0.0
0.89,0.2,1481051948.88,3.14159265359
0.89,0.21,1481051948.92,3.14159265359
0.89,0.21,1481051948.92,3.14159265359
0.89,0.22,1481051948.96,3.14159265359
0.89,0.22,1481051948.96,3.14159265359
0.89,0.23,1481051949.0,3.14159265359
0.89,0.23,1481051949.0,3.14159265359
0.89,0.24,1481051949.04,3.14159265359
0.89,0.24,1481051949.04,3.14159265359
0.89,0.25,1481051949.08,3.14159265359
0.88,0.25,1481051949.08,3.14159265359
0.88,0.26,1481051949.12,3.14159265359
0.88,0.26,1481051949.12,3.14159265359
0.88,0.26,1481051949.16,3.14159265359
0.88,0.27,1481051949.16,3.14159265359
0.88,0.27,1481051949.2,3.14159265359
0.88,0.28,1481051949.2,3.14159265359
0.88,0.28,1481051949.24,3.14159265359
0.88,0.28,1481051949.24,3.14159265359
0.88,0.29,1481051949.28,3.14159265359
0.88,0.29,1481051949.28,3.14159265359
0.88,0.3,1481051949.32,3.14159265359
0.88,0.3,1481051949.32,3.14159265359
0.88,0.3,1481051949.36,3.14159265359
0.88,0.31,1481051949.36,0.0
0.88,0.31,1481051949.4,0.0
0.88,0.32,1481051949.4,0.0
0.88,0.32,1481051949.44,0.0
0.88,0.32,1481051949.44,0.0
0.88,0.33,1481051949.48,0.0
0.88,0.33,1481051949.48,0.0
0.88,0.34,1481051949.52,0.0
0.88,0.34,1481051949.52,0.0
0.88,0.35,1481051949.56,0.0
0.88,0.35,1481051949.56,0.0
0.88,0.35,1481051949.6,0.0
0.88,0.36,1481051949.6,0.0
0.88,0.36,1481051949.64,0.0
0.88,0.37,1481051949.64,0.0
0.88,0.37,1481051949.68,0.0
0.88,0.38,1481051949.68,0.0
0.88,0.38,1481051949.72,0.0
0.88,0.38,1481051949.72,0.0
0.88,0.39,1481051949.76,0.0
0.88,0.39,1481051949.76,0.0
0.88,0.4,1481051949.8,0.0
0.88,0.4,1481051949.81,3.14159265359
0.88,0.41,1481051949.84,3.14159265359
0.88,0.41,1481051949.84,3.14159265359
0.88,0.42,1481051949.88,3.14159265359
0.88,0.42,1481051949.88,3.14159265359
0.88,0.43,1481051949.92,3.14159265359
0.88,0.43,1481051949.92,0.0
0.88,0.44,1481051949.96,0.0
0.88,0.44,1481051949.96,3.14159265359
0.88,0.45,1481051950.0,3.14159265359
0.88,0.45,1481051950.0,3.14159265359
0.88,0.46,1481051950.04,3.14159265359
0.88,0.46,1481051950.04,3.14159265359
0.88,0.47,1481051950.08,3.14159265359
0.88,0.47,1481051950.08,3.14159265359
0.88,0.48,1481051950.12,3.14159265359
0.88,0.48,1481051950.12,3.14159265359
0.88,0.49,1481051950.16,3.14159265359
0.88,0.5,1481051950.16,3.14159265359
0.88,0.5,1481051950.2,3.14159265359
0.88,0.51,1481051950.2,3.14159265359
0.88,0.51,1481051950.24,3.14159265359
0.88,0.52,1481051950.24,3.14159265359
0.88,0.52,1481051950.28,3.14159265359
0.88,0.53,1481051950.28,3.14159265359
0.88,0.53,1481051950.32,3.14159265359
0.88,0.54,1481051950.32,3.14159265359
0.88,0.54,1481051950.36,3.14159265359
0.88,0.54,1481051950.36,3.14159265359
0.88,0.55,1481051950.4,3.14159265359
0.88,0.55,1481051950.41,3.14159265359
0.88,0.56,1481051950.44,3.14159265359
0.88,0.56,1481051950.45,3.14159265359
0.88,0.57,1481051950.48,0.0
0.88,0.57,1481051950.48,3.14159265359
0.88,0.58,1481051950.52,3.14159265359
0.88,0.58,1481051950.52,3.14159265359
0.88,0.59,1481051950.56,3.14159265359
0.88,0.59,1481051950.56,3.14159265359
0.87,0.6,1481051950.6,3.14159265359
0.87,0.6,1481051950.6,3.14159265359
0.87,0.61,1481051950.64,3.14159265359
0.87,0.61,1481051950.64,3.14159265359
0.87,0.61,1481051950.68,3.14159265359
0.87,0.62,1481051950.68,3.14159265359
0.87,0.62,1481051950.72,3.14159265359
0.87,0.63,1481051950.72,3.14159265359
0.87,0.63,1481051950.76,3.14159265359
0.87,0.64,1481051950.76,3.14159265359
0.87,0.64,1481051950.8,3.14159265359
0.87,0.65,1481051950.8,3.14159265359
0.87,0.65,1481051950.84,3.14159265359
0.87,0.66,1481051950.84,3.14159265359
0.87,0.66,1481051950.88,0.0
0.87,0.67,1481051950.88,0.0
0.87,0.68,1481051950.92,0.0
0.87,0.68,1481051950.92,0.0
0.87,0.69,1481051950.96,0.0
0.87,0.69,1481051950.96,0.0
0.87,0.7,1481051951.0,0.0
0.87,0.7,1481051951.0,0.0
0.87,0.71,1481051951.04,0.0
0.87,0.71,1481051951.04,3.14159265359
0.87,0.72,1481051951.08,3.14159265359
0.87,0.72,1481051951.08,3.14159265359
0.87,0.73,1481051951.12,3.14159265359
0.87,0.74,1481051951.12,3.14159265359
0.87,0.74,1481051951.16,3.14159265359
0.87,0.75,1481051951.17,3.14159265359
0.87,0.75,1481051951.2,3.14159265359
0.87,0.76,1481051951.21,3.14159265359
0.87,0.76,1481051951.24,3.14159265359
0.87,0.77,1481051951.25,3.14159265359
0.87,0.77,1481051951.28,3.14159265359
0.87,0.78,1481051951.28,3.14159265359
0.87,0.78,1481051951.32,3.14159265359
0.87,0.79,1481051951.32,0.0
0.87,0.79,1481051951.36,0.0
0.87,0.8,1481051951.36,0.0
0.87,0.8,1481051951.4,0.0
0.87,0.81,1481051951.4,0.0
0.87,0.81,1481051951.44,0.0
0.87,0.82,1481051951.44,0.0
0.87,0.83,1481051951.48,3.14159265359
0.87,0.83,1481051951.48,0.0
0.87,0.84,1481051951.52,0.0
0.87,0.84,1481051951.52,0.0
0.87,0.85,1481051951.56,0.0
0.87,0.86,1481051951.56,0.0
0.87,0.86,1481051951.6,0.0
0.87,0.87,1481051951.6,0.0
0.87,0.87,1481051951.64,0.0
0.87,0.88,1481051951.64,3.14159265359
0.87,0.89,1481051951.68,3.14159265359
0.87,0.89,1481051951.68,3.14159265359
0.87,0.9,1481051951.72,3.14159265359
0.87,0.9,1481051951.73,3.14159265359
0.87,0.91,1481051951.76,3.14159265359
0.87,0.92,1481051951.76,3.14159265359
0.87,0.92,1481051951.8,3.14159265359
0.87,0.93,1481051951.8,3.14159265359
0.87,0.93,1481051951.84,3.14159265359
0.87,0.94,1481051951.84,3.14159265359
0.87,0.94,1481051951.88,3.14159265359
0.87,0.95,1481051951.88,3.14159265359
0.87,0.96,1481051951.92,3.14159265359
0.87,0.96,1481051951.92,3.14159265359
0.86,0.97,1481051951.96,3.14159265359
0.86,0.97,1481051951.96,3.14159265359
0.86,0.98,1481051952.0,3.14159265359
0.86,0.99,1481051952.0,3.14159265359
0.86,0.99,1481051952.04,3.14159265359
0.86,1.0,1481051952.04,3.14159265359
0.86,1.0,1481051952.08,3.14159265359
0.86,1.01,1481051952.08,3.14159265359
0.86,1.02,1481051952.12,3.14159265359
0.86,1.02,1481051952.12,3.14159265359
0.86,1.03,1481051952.16,3.14159265359
0.86,1.03,1481051952.16,3.14159265359
0.86,1.04,1481051952.2,3.14159265359
0.86,1.04,1481051952.2,3.14159265359
0.86,1.05,1481051952.24,3.14159265359
0.86,1.05,1481051952.24,3.14159265359
0.86,1.06,1481051952.28,3.14159265359
0.86,1.06,1481051952.28,3.14159265359
0.86,1.07,1481051952.32,3.14159265359
0.86,1.07,1481051952.32,3.14159265359
0.86,1.08,1481051952.36,0.0
0.86,1.08,1481051952.36,0.0
0.86,1.09,1481051952.4,0.0
0.86,1.09,1481051952.4,0.0
0.86,1.09,1481051952.44,0.0
0.86,1.1,1481051952.44,0.0
0.86,1.1,1481051952.48,0.0
0.86,1.11,1481051952.48,0.0
0.86,1.11,1481051952.52,3.14159265359
0.86,1.12,1481051952.52,3.14159265359
0.86,1.12,1481051952.56,3.14159265359
0.86,1.13,1481051952.56,3.14159265359
0.86,1.13,1481051952.6,3.14159265359
0.86,1.14,1481051952.6,3.14159265359
0.86,1.15,1481051952.64,3.14159265359
0.86,1.15,1481051952.64,3.14159265359
0.86,1.16,1481051952.68,3.14159265359
0.86,1.16,1481051952.68,3.14159265359
0.86,1.17,1481051952.72,3.14159265359
0.86,1.17,1481051952.72,3.14159265359
0.86,1.18,1481051952.76,3.14159265359
0.86,1.18,1481051952.76,3.14159265359
0.86,1.19,1481051952.8,3.14159265359
0.86,1.19,1481051952.8,3.14159265359
0.86,1.2,1481051952.84,3.14159265359
0.86,1.2,1481051952.84,3.14159265359
0.86,1.21,1481051952.88,3.14159265359
0.86,1.21,1481051952.88,3.14159265359
0.86,1.22,1481051952.92,3.14159265359
0.86,1.22,1481051952.92,3.14159265359
0.86,1.23,1481051952.96,3.14159265359
0.86,1.24,1481051952.96,3.14159265359
0.86,1.24,1481051953.0,3.14159265359
0.86,1.25,1481051953.0,3.14159265359
0.86,1.25,1481051953.04,0.0
0.86,1.26,1481051953.04,3.14159265359
0.86,1.26,1481051953.08,3.14159265359
0.86,1.27,1481051953.08,3.14159265359
0.86,1.27,1481051953.12,3.14159265359
0.86,1.28,1481051953.12,3.14159265359
0.85,1.28,1481051953.16,3.14159265359
0.85,1.29,1481051953.16,3.14159265359
0.85,1.3,1481051953.2,3.14159265359
0.85,1.3,1481051953.2,3.14159265359
0.85,1.31,1481051953.24,3.14159265359
0.85,1.31,1481051953.24,3.14159265359
0.85,1.32,1481051953.28,3.14159265359
0.85,1.32,1481051953.28,0.0
0.85,1.33,1481051953.32,0.0
0.85,1.33,1481051953.32,0.0
0.85,1.34,1481051953.36,0.0
0.85,1.34,1481051953.36,0.0
0.85,1.35,1481051953.4,0.0
0.85,1.35,1481051953.4,0.0
0.85,1.36,1481051953.44,0.0
0.85,1.36,1481051953.44,0.0
0.85,1.37,1481051953.48,3.14159265359
0.85,1.37,1481051953.48,3.14159265359
0.85,1.38,1481051953.52,3.14159265359
0.85,1.38,1481051953.52,3.14159265359
0.85,1.38,1481051953.56,3.14159265359
0.85,1.39,1481051953.56,3.14159265359
0.85,1.39,1481051953.6,3.14159265359
0.85,1.4,1481051953.6,3.14159265359
0.85,1.4,1481051953.64,3.14159265359
0.85,1.41,1481051953.64,3.14159265359
0.85,1.41,1481051953.68,3.14159265359
0.85,1.41,1481051953.68,3.14159265359
0.85,1.42,1481051953.72,3.14159265359
0.85,1.42,1481051953.72,3.14159265359
0.85,1.43,1481051953.76,3.14159265359
0.85,1.43,1481051953.76,3.14159265359
0.85,1.44,1481051953.8,3.14159265359
0.85,1.44,1481051953.8,3.14159265359
0.85,1.45,1481051953.84,3.14159265359
0.85,1.45,1481051953.84,3.14159265359
0.85,1.46,1481051953.88,3.14159265359
0.85,1.46,1481051953.88,3.14159265359
0.85,1.47,1481051953.92,3.14159265359
0.85,1.47,1481051953.92,3.14159265359
0.85,1.48,1481051953.96,3.14159265359
0.85,1.48,1481051953.96,3.14159265359
0.85,1.49,1481051954.0,3.14159265359
0.85,1.49,1481051954.0,0.0
0.85,1.49,1481051954.04,0.0
0.85,1.5,1481051954.04,0.0
0.85,1.5,1481051954.08,0.0
0.85,1.51,1481051954.08,0.0
0.85,1.51,1481051954.12,0.0
0.85,1.51,1481051954.12,0.0
0.85,1.52,1481051954.16,0.0
0.85,1.52,1481051954.16,0.0
0.85,1.52,1481051954.2,0.0
0.85,1.52,1481051954.2,0.0
0.85,1.53,1481051954.24,0.0
0.85,1.53,1481051954.24,0.0
0.85,1.53,1481051954.28,0.0
0.85,1.53,1481051954.28,0.0
0.85,1.53,1481051954.32,0.0
0.85,1.54,1481051954.32,0.0
0.85,1.54,1481051954.36,3.14159265359
0.85,1.54,1481051954.36,3.14159265359
0.85,1.54,1481051954.4,3.14159265359
0.85,1.54,1481051954.4,3.14159265359
0.85,1.55,1481051954.44,3.14159265359
0.85,1.55,1481051954.44,3.14159265359
0.85,1.55,1481051954.48,0.0
0.85,1.55,1481051954.48,0.0
0.85,1.55,1481051954.52,0.0
0.85,1.55,1481051954.52,0.0
0.85,1.56,1481051954.56,0.0
0.85,1.56,1481051954.56,0.0
0.85,1.56,1481051954.6,3.14159265359
0.85,1.56,1481051954.6,3.14159265359
0.85,1.56,1481051954.64,0.0
0.85,1.57,1481051954.64,0.0
0.85,1.57,1481051954.68,0.0
0.85,1.57,1481051954.68,3.14159265359
0.85,1.57,1481051954.72,3.14159265359
0.85,1.57,1481051954.72,3.14159265359
0.85,1.57,1481051954.76,3.14159265359
0.85,1.57,1481051954.76,0.0
0.85,1.57,1481051954.8,0.0
0.85,1.58,1481051954.8,0.0
0.85,1.58,1481051954.84,0.0
0.85,1.58,1481051954.84,0.0
0.85,1.58,1481051954.88,0.0
0.85,1.58,1481051954.88,0.0
0.85,1.58,1481051954.92,0.0
0.85,1.58,1481051954.92,0.0
0.85,1.58,1481051954.96,0.0
0.85,1.58,1481051954.96,0.0
0.85,1.58,1481051955.0,0.0
0.85,1.58,1481051955.0,0.0
0.85,1.58,1481051955.04,0.0
0.85,1.58,1481051955.04,0.0
0.85,1.58,1481051955.08,0.0
0.85,1.58,1481051955.08,0.0
0.85,1.58,1481051955.12,0.0
0.85,1.58,1481051955.12,0.0
0.85,1.58,1481051955.16,0.0
0.85,1.58,1481051955.16,0.0
0.85,1.58,1481051955.2,0.0
0.85,1.58,1481051955.2,0.0
0.85,1.58,1481051955.24,0.0
0.85,1.58,1481051955.24,0.0
0.85,1.58,1481051955.28,0.0
0.85,1.58,1481051955.28,0.0
0.85,1.58,1481051955.32,0.0
0.85,1.58,1481051955.32,0.0
0.85,1.58,1481051955.36,0.0
0.85,1.58,1481051955.36,0.0
0.85,1.58,1481051955.4,0.0
0.85,1.58,1481051955.4,0.0
0.85,1.58,1481051955.44,0.0
0.85,1.58,1481051955.44,0.0
0.85,1.58,1481051955.48,0.0
0.85,1.58,1481051955.48,0.0
0.85,1.58,1481051955.52,0.0
0.85,1.58,1481051955.52,0.0
0.85,1.58,1481051955.56,0.0
0.85,1.58,1481051955.56,0.0
0.85,1.58,1481051955.6,0.0
0.85,1.58,1481051955.6,0.0
0.85,1.58,1481051955.64,0.0
0.85,1.58,1481051955.64,0.0
0.85,1.58,1481051955.68,0.0
0.85,1.58,1481051955.68,0.0
0.85,1.58,1481051955.72,0.0
0.85,1.58,1481051955.72,0.0
0.85,1.58,1481051955.76,0.0
0.85,1.58,1481051955.76,0.0
0.85,1.58,1481051955.8,0.0
0.85,1.58,1481051955.8,0.0
0.85,1.58,1481051955.84,0.0
0.85,1.58,1481051955.84,0.0
0.85,1.58,1481051955.88,0.0
0.85,1.58,1481051955.88,0.0
0.85,1.58,1481051955.92,0.0
0.85,1.58,1481051955.92,0.0
0.85,1.58,1481051955.96,0.0
0.85,1.58,1481051955.96,0.0
0.85,1.58,1481051956.0,0.0
0.85,1.58,1481051956.0,0.0
0.85,1.58,1481051956.04,0.0
0.85,1.58,1481051956.04,0.0
0.85,1.58,1481051956.08,0.0
0.85,1.58,1481051956.08,0.0
0.85,1.58,1481051956.12,0.0
0.85,1.58,1481051956.12,0.0
0.85,1.58,1481051956.16,0.0
0.85,1.58,1481051956.16,0.0
0.85,1.58,1481051956.2,0.0
0.85,1.58,1481051956.2,0.0
0.85,1.58,1481051956.24,0.0
0.85,1.58,1481051956.24,0.0
0.85,1.58,1481051956.28,0.0
0.85,1.58,1481051956.28,0.0
0.85,1.58,1481051956.32,0.0
0.85,1.58,1481051956.32,0.0
0.85,1.58,1481051956.36,0.0
0.85,1.58,1481051956.36,0.0
0.85,1.58,1481051956.4,0.0
0.85,1.58,1481051956.4,0.0
0.85,1.57,1481051956.44,0.0
0.85,1.57,1481051956.44,0.0
0.85,1.57,1481051956.48,0.0
0.85,1.57,1481051956.48,0.0
0.85,1.57,1481051956.52,0.0
0.85,1.57,1481051956.52,0.0
0.85,1.57,1481051956.56,0.0
0.85,1.57,1481051956.57,0.0
0.85,1.57,1481051956.6,0.0
0.85,1.57,1481051956.6,0.0
0.85,1.57,1481051956.64,0.0
0.85,1.57,1481051956.64,0.0
0.85,1.57,1481051956.68,0.0
0.85,1.57,1481051956.68,0.0
0.85,1.57,1481051956.72,0.0
0.85,1.57,1481051956.72,0.0
0.85,1.57,1481051956.76,0.0
0.85,1.57,1481051956.76,0.0
0.85,1.57,1481051956.8,0.0
0.85,1.57,1481051956.8,0.0
0.85,1.57,1481051956.84,0.0
0.85,1.57,1481051956.84,0.0
0.85,1.57,1481051956.88,0.0
0.85,1.57,1481051956.88,0.0
0.85,1.57,1481051956.92,0.0
0.85,1.57,1481051956.92,0.0
0.85,1.57,1481051956.96,0.0
0.85,1.57,1481051956.98,0.0
0.85,1.57,1481051957.02,0.0
0.85,1.57,1481051957.02,0.0
0.85,1.57,1481051957.02,0.0
0.85,1.57,1481051957.06,0.0
0.85,1.57,1481051957.06,0.0
0.85,1.57,1481051957.07,0.0
0.85,1.57,1481051957.09,0.0
0.85,1.57,1481051957.13,0.0
0.85,1.57,1481051957.17,0.0
0.85,1.57,1481051957.17,0.0
0.85,1.57,1481051957.21,0.0
0.85,1.57,1481051957.21,0.0
0.85,1.57,1481051957.25,0.0
0.85,1.57,1481051957.25,0.0
0.85,1.57,1481051957.29,0.0
0.85,1.57,1481051957.29,0.0
0.85,1.57,1481051957.33,0.0
0.85,1.57,1481051957.33,0.0
0.85,1.57,1481051957.37,0.0
0.85,1.57,1481051957.37,0.0
0.85,1.57,1481051957.41,0.0
0.85,1.57,1481051957.41,0.0
0.85,1.57,1481051957.45,0.0
0.85,1.57,1481051957.45,0.0
0.85,1.57,1481051957.49,0.0
0.85,1.57,1481051957.49,0.0
0.85,1.57,1481051957.53,0.0
0.85,1.57,1481051957.53,0.0
0.85,1.57,1481051957.57,0.0
0.85,1.57,1481051957.57,0.0
0.85,1.57,1481051957.61,0.0
0.85,1.57,1481051957.61,0.0
0.85,1.57,1481051957.65,0.0
0.85,1.57,1481051957.65,0.0
0.85,1.57,1481051957.69,0.0
0.85,1.57,1481051957.69,0.0
0.85,1.57,1481051957.73,0.0
0.85,1.57,1481051957.73,0.0
0.85,1.57,1481051957.77,0.0
0.85,1.57,1481051957.77,0.0
0.85,1.57,1481051957.81,0.0
0.85,1.57,1481051957.81,0.0
0.85,1.57,1481051957.85,0.0
0.85,1.57,1481051957.85,0.0
0.85,1.57,1481051957.89,0.0
0.85,1.57,1481051957.89,0.0
0.85,1.57,1481051957.93,0.0
0.85,1.57,1481051957.93,0.0
0.85,1.57,1481051957.97,0.0
0.85,1.57,1481051957.97,0.0
0.85,1.57,1481051958.01,0.0
0.85,1.57,1481051958.01,0.0
0.85,1.57,1481051958.05,0.0
0.85,1.57,1481051958.05,0.0
0.85,1.57,1481051958.09,0.0
0.85,1.57,1481051958.09,0.0
0.85,1.57,1481051958.13,0.0
0.85,1.57,1481051958.13,0.0
0.85,1.57,1481051958.17,0.0
0.85,1.57,1481051958.17,0.0
0.85,1.57,1481051958.21,0.0
0.85,1.57,1481051958.21,0.0
0.85,1.57,1481051958.25,0.0
0.85,1.57,1481051958.25,0.0
0.85,1.57,1481051958.29,0.0
0.85,1.57,1481051958.29,0.0
0.85,1.57,1481051958.33,0.0
0.85,1.57,1481051958.33,0.0
0.85,1.57,1481051958.37,0.0
0.85,1.57,1481051958.37,0.0
0.85,1.57,1481051958.41,0.0
0.85,1.57,1481051958.41,0.0
0.85,1.57,1481051958.45,0.0
0.85,1.57,1481051958.45,0.0
0.85,1.57,1481051958.49,0.0
0.85,1.57,1481051958.49,0.0
0.85,1.57,1481051958.53,0.0
0.85,1.57,1481051958.53,0.0
0.85,1.57,1481051958.57,0.0
0.85,1.57,1481051958.57,0.0
0.85,1.57,1481051958.61,0.0
0.85,1.57,1481051958.61,0.0
0.85,1.57,1481051958.65,0.0
0.85,1.57,1481051958.65,0.0
0.85,1.57,1481051958.69,0.0
0.85,1.57,1481051958.69,0.0
0.85,1.57,1481051958.73,0.0
0.85,1.57,1481051958.73,0.0
0.85,1.57,1481051958.77,0.0
0.85,1.57,1481051958.77,3.14159265359
0.85,1.57,1481051958.81,3.14159265359
0.85,1.57,1481051958.81,3.14159265359
0.85,1.57,1481051958.85,0.0
0.85,1.57,1481051958.85,3.14159265359
0.85,1.57,1481051958.89,3.14159265359
0.85,1.57,1481051958.89,3.14159265359
0.85,1.58,1481051958.93,3.14159265359
0.84,1.58,1481051958.93,3.14159265359
0.84,1.58,1481051958.97,3.14159265359
0.84,1.58,1481051958.97,3.14159265359
0.84,1.58,1481051959.01,3.14159265359
0.84,1.59,1481051959.01,3.14159265359
0.84,1.59,1481051959.05,3.14159265359
0.84,1.59,1481051959.05,3.14159265359
0.84,1.59,1481051959.09,3.14159265359
0.83,1.59,1481051959.09,3.14159265359
0.83,1.59,1481051959.13,3.14159265359
0.83,1.59,1481051959.13,3.14159265359
0.83,1.59,1481051959.17,3.14159265359
0.83,1.6,1481051959.17,3.14159265359
0.83,1.6,1481051959.21,3.14159265359
0.83,1.6,1481051959.21,3.14159265359
0.83,1.6,1481051959.25,3.14159265359
0.82,1.6,1481051959.25,3.14159265359
0.82,1.6,1481051959.29,3.14159265359
0.82,1.6,1481051959.29,3.14159265359
0.82,1.6,1481051959.33,3.14159265359
0.82,1.6,1481051959.33,3.14159265359
0.82,1.61,1481051959.37,3.14159265359
0.82,1.61,1481051959.37,3.14159265359
0.81,1.61,1481051959.41,3.14159265359
0.81,1.61,1481051959.41,3.14159265359
0.81,1.61,1481051959.45,3.14159265359
0.81,1.61,1481051959.45,3.14159265359
0.81,1.61,1481051959.49,3.14159265359
0.81,1.61,1481051959.49,3.14159265359
0.81,1.61,1481051959.53,3.14159265359
0.81,1.61,1481051959.53,3.14159265359
0.81,1.61,1481051959.57,3.14159265359
0.81,1.61,1481051959.57,3.14159265359
0.81,1.61,1481051959.61,3.14159265359
0.81,1.61,1481051959.61,3.14159265359
0.81,1.61,1481051959.65,3.14159265359
0.81,1.61,1481051959.65,3.14159265359
0.81,1.61,1481051959.69,3.14159265359
0.81,1.61,1481051959.69,3.14159265359
0.81,1.61,1481051959.73,3.14159265359
0.81,1.61,1481051959.73,3.14159265359
0.81,1.61,1481051959.77,3.14159265359
0.81,1.61,1481051959.77,3.14159265359
0.81,1.61,1481051959.81,3.14159265359
0.8,1.61,1481051959.81,3.14159265359
0.8,1.61,1481051959.85,3.14159265359
0.8,1.61,1481051959.85,3.14159265359
0.8,1.61,1481051959.89,3.14159265359
0.8,1.61,1481051959.89,3.14159265359
0.8,1.61,1481051959.93,3.14159265359
0.8,1.61,1481051959.93,3.14159265359
0.8,1.61,1481051959.97,3.14159265359
0.8,1.61,1481051959.97,3.14159265359
0.8,1.61,1481051960.01,3.14159265359
0.8,1.61,1481051960.01,3.14159265359
0.8,1.61,1481051960.05,3.14159265359
0.8,1.61,1481051960.05,3.14159265359
0.8,1.61,1481051960.09,3.14159265359
0.8,1.61,1481051960.09,3.14159265359
0.8,1.61,1481051960.13,3.14159265359
0.8,1.61,1481051960.13,3.14159265359
0.8,1.61,1481051960.17,3.14159265359
0.79,1.61,1481051960.17,3.14159265359
0.79,1.61,1481051960.21,3.14159265359
0.79,1.61,1481051960.21,3.14159265359
0.79,1.61,1481051960.25,3.14159265359
0.79,1.61,1481051960.25,3.14159265359
0.79,1.61,1481051960.29,3.14159265359
0.79,1.61,1481051960.29,3.14159265359
0.79,1.61,1481051960.33,3.14159265359
0.79,1.61,1481051960.33,3.14159265359
0.79,1.61,1481051960.37,3.14159265359
0.79,1.61,1481051960.37,3.14159265359
0.79,1.61,1481051960.41,3.14159265359
0.79,1.61,1481051960.41,3.14159265359
0.79,1.61,1481051960.45,3.14159265359
0.79,1.61,1481051960.45,3.14159265359
0.79,1.61,1481051960.49,3.14159265359
0.79,1.61,1481051960.49,3.14159265359
0.79,1.61,1481051960.53,3.14159265359
0.79,1.62,1481051960.53,3.14159265359
0.79,1.62,1481051960.57,3.14159265359
0.79,1.62,1481051960.57,3.14159265359
0.79,1.62,1481051960.61,3.14159265359
0.78,1.62,1481051960.61,3.14159265359
0.78,1.62,1481051960.65,3.14159265359
0.78,1.62,1481051960.65,3.14159265359
0.78,1.62,1481051960.69,3.14159265359
0.78,1.62,1481051960.69,3.14159265359
0.78,1.62,1481051960.73,3.14159265359
0.78,1.62,1481051960.73,3.14159265359
0.78,1.62,1481051960.77,3.14159265359
0.78,1.62,1481051960.77,3.14159265359
0.78,1.62,1481051960.81,3.14159265359
0.78,1.62,1481051960.81,3.14159265359
0.78,1.62,1481051960.81,3.14159265359
0.78,1.62,1481051960.85,3.14159265359
0.77,1.62,1481051960.85,3.14159265359
0.77,1.62,1481051960.87,3.14159265359
0.77,1.62,1481051960.89,3.14159265359
0.77,1.62,1481051960.93,3.14159265359
0.77,1.62,1481051960.97,3.14159265359
0.76,1.62,1481051960.97,3.14159265359
0.76,1.62,1481051961.01,3.14159265359
0.76,1.62,1481051961.01,3.14159265359
0.76,1.62,1481051961.05,3.14159265359
0.75,1.62,1481051961.05,3.14159265359
0.75,1.62,1481051961.09,3.14159265359
0.75,1.62,1481051961.09,3.14159265359
0.74,1.62,1481051961.13,3.14159265359
0.74,1.62,1481051961.13,3.14159265359
0.73,1.62,1481051961.17,3.14159265359
0.73,1.62,1481051961.17,3.14159265359
0.72,1.62,1481051961.21,3.14159265359
0.72,1.62,1481051961.21,3.14159265359
0.72,1.62,1481051961.25,3.14159265359
0.71,1.62,1481051961.25,3.14159265359
0.71,1.62,1481051961.29,3.14159265359
0.7,1.62,1481051961.29,3.14159265359
0.7,1.62,1481051961.33,3.14159265359
0.69,1.62,1481051961.33,3.14159265359
0.69,1.62,1481051961.37,3.14159265359
0.68,1.62,1481051961.37,3.14159265359
0.67,1.62,1481051961.41,3.14159265359
0.67,1.62,1481051961.41,3.14159265359
0.66,1.62,1481051961.45,3.14159265359
0.66,1.62,1481051961.45,3.14159265359
0.65,1.62,1481051961.49,3.14159265359
0.65,1.62,1481051961.49,3.14159265359
0.64,1.62,1481051961.53,3.14159265359
0.64,1.62,1481051961.53,3.14159265359
0.63,1.62,1481051961.57,3.14159265359
0.63,1.62,1481051961.57,3.14159265359
0.62,1.62,1481051961.61,3.14159265359
0.61,1.62,1481051961.61,3.14159265359
0.61,1.62,1481051961.65,3.14159265359
0.6,1.62,1481051961.65,3.14159265359
0.6,1.62,1481051961.69,3.14159265359
0.59,1.62,1481051961.69,3.14159265359
0.59,1.62,1481051961.73,3.14159265359
0.58,1.62,1481051961.73,3.14159265359
0.58,1.62,1481051961.77,3.14159265359
0.57,1.62,1481051961.77,3.14159265359
0.57,1.62,1481051961.81,3.14159265359
0.56,1.62,1481051961.81,3.14159265359
0.56,1.62,1481051961.85,3.14159265359
0.55,1.62,1481051961.85,3.14159265359
0.55,1.62,1481051961.89,3.14159265359
0.54,1.62,1481051961.89,3.14159265359
0.53,1.63,1481051961.93,3.14159265359
0.53,1.63,1481051961.93,3.14159265359
0.52,1.63,1481051961.97,3.14159265359
0.52,1.63,1481051961.97,3.14159265359
0.51,1.63,1481051962.01,3.14159265359
0.5,1.63,1481051962.01,3.14159265359
0.5,1.63,1481051962.05,3.14159265359
0.49,1.63,1481051962.05,3.14159265359
0.49,1.63,1481051962.09,3.14159265359
0.48,1.63,1481051962.09,3.14159265359
0.47,1.63,1481051962.13,3.14159265359
0.47,1.63,1481051962.13,3.14159265359
0.46,1.63,1481051962.17,3.14159265359
0.46,1.63,1481051962.17,3.14159265359
0.45,1.63,1481051962.21,3.14159265359
0.44,1.63,1481051962.21,3.14159265359
0.44,1.63,1481051962.25,3.14159265359
0.43,1.63,1481051962.25,3.14159265359
0.43,1.63,1481051962.29,3.14159265359
0.42,1.64,1481051962.29,3.14159265359
0.42,1.64,1481051962.33,3.14159265359
0.41,1.64,1481051962.33,3.14159265359
0.4,1.64,1481051962.37,3.14159265359
0.4,1.64,1481051962.37,3.14159265359
0.39,1.64,1481051962.41,3.14159265359
0.39,1.64,1481051962.41,3.14159265359
0.38,1.64,1481051962.45,3.14159265359
0.38,1.64,1481051962.45,3.14159265359
0.37,1.64,1481051962.49,3.14159265359
0.36,1.64,1481051962.49,3.14159265359
0.36,1.64,1481051962.53,3.14159265359
0.35,1.64,1481051962.53,3.14159265359
0.35,1.64,1481051962.57,3.14159265359
0.34,1.64,1481051962.57,3.14159265359
0.34,1.64,1481051962.61,3.14159265359
0.33,1.64,1481051962.61,3.14159265359
0.33,1.64,1481051962.65,3.14159265359
0.32,1.64,1481051962.65,3.14159265359
0.32,1.64,1481051962.69,3.14159265359
0.31,1.64,1481051962.69,3.14159265359
0.31,1.64,1481051962.73,3.14159265359
0.3,1.64,1481051962.73,3.14159265359
0.3,1.64,1481051962.77,3.14159265359
0.29,1.64,1481051962.77,3.14159265359
0.29,1.64,1481051962.81,3.14159265359
0.28,1.64,1481051962.81,3.14159265359
0.28,1.64,1481051962.85,3.14159265359
0.27,1.64,1481051962.85,3.14159265359
0.27,1.64,1481051962.89,3.14159265359
0.26,1.64,1481051962.89,3.14159265359
0.26,1.64,1481051962.93,3.14159265359
0.25,1.64,1481051962.93,3.14159265359
0.25,1.64,1481051962.97,3.14159265359
0.24,1.64,1481051962.97,3.14159265359
0.24,1.64,1481051963.01,3.14159265359
0.23,1.64,1481051963.01,3.14159265359
0.23,1.64,1481051963.05,3.14159265359
0.22,1.63,1481051963.05,3.14159265359
0.22,1.63,1481051963.09,3.14159265359
0.21,1.63,1481051963.09,3.14159265359
0.21,1.63,1481051963.13,3.14159265359
0.2,1.63,1481051963.13,3.14159265359
0.2,1.63,1481051963.17,3.14159265359
0.19,1.63,1481051963.17,3.14159265359
0.19,1.63,1481051963.21,3.14159265359
0.18,1.63,1481051963.21,3.14159265359
0.18,1.63,1481051963.25,3.14159265359
0.17,1.63,1481051963.25,3.14159265359
0.17,1.63,1481051963.29,3.14159265359
0.16,1.63,1481051963.29,3.14159265359
0.15,1.63,1481051963.33,3.14159265359
0.15,1.63,1481051963.33,3.14159265359
0.14,1.63,1481051963.37,3.14159265359
0.14,1.64,1481051963.37,3.14159265359
0.13,1.64,1481051963.41,3.14159265359
0.13,1.64,1481051963.41,3.14159265359
0.12,1.64,1481051963.45,3.14159265359
0.11,1.64,1481051963.45,3.14159265359
0.11,1.64,1481051963.49,3.14159265359
0.1,1.64,1481051963.49,3.14159265359
0.1,1.64,1481051963.53,3.14159265359
0.09,1.64,1481051963.53,3.14159265359
0.08,1.64,1481051963.57,3.14159265359
0.08,1.64,1481051963.57,3.14159265359
0.07,1.64,1481051963.61,3.14159265359
0.07,1.64,1481051963.61,3.14159265359
0.06,1.64,1481051963.61,3.14159265359
0.06,1.64,1481051963.65,3.14159265359
0.05,1.64,1481051963.65,3.14159265359
0.04,1.64,1481051963.67,3.14159265359
0.04,1.64,1481051963.69,3.14159265359
0.03,1.64,1481051963.73,3.14159265359
0.03,1.64,1481051963.77,3.14159265359
0.02,1.64,1481051963.77,3.14159265359
0.02,1.64,1481051963.81,3.14159265359
0.01,1.64,1481051963.81,3.14159265359
0.01,1.64,1481051963.85,3.14159265359
0.0,1.64,1481051963.85,3.14159265359
0.0,1.64,1481051963.89,3.14159265359
0.0,1.64,1481051963.89,3.14159265359
0.0,1.64,1481051963.93,3.14159265359
-0.01,1.64,1481051963.93,3.14159265359
-0.02,1.64,1481051963.97,3.14159265359
-0.02,1.64,1481051963.97,3.14159265359
-0.03,1.64,1481051964.01,3.14159265359
-0.03,1.64,1481051964.01,3.14159265359
-0.04,1.64,1481051964.05,3.14159265359
-0.04,1.64,1481051964.05,3.14159265359
-0.05,1.64,1481051964.09,3.14159265359
-0.05,1.64,1481051964.09,3.14159265359
-0.06,1.64,1481051964.13,3.14159265359
-0.06,1.64,1481051964.13,3.14159265359
-0.07,1.64,1481051964.17,3.14159265359
-0.07,1.64,1481051964.17,3.14159265359
-0.08,1.64,1481051964.21,3.14159265359
-0.09,1.64,1481051964.21,3.14159265359
-0.09,1.64,1481051964.25,3.14159265359
-0.1,1.64,1481051964.25,3.14159265359
-0.1,1.64,1481051964.29,3.14159265359
-0.11,1.64,1481051964.29,3.14159265359
-0.11,1.64,1481051964.33,3.14159265359
-0.12,1.64,1481051964.33,3.14159265359
-0.13,1.64,1481051964.37,3.14159265359
-0.13,1.65,1481051964.37,3.14159265359
-0.14,1.65,1481051964.41,3.14159265359
-0.15,1.65,1481051964.41,3.14159265359
-0.15,1.65,1481051964.45,3.14159265359
-0.16,1.65,1481051964.45,3.14159265359
-0.16,1.65,1481051964.49,3.14159265359
-0.17,1.65,1481051964.49,3.14159265359
-0.17,1.65,1481051964.53,3.14159265359
-0.18,1.65,1481051964.53,3.14159265359
-0.19,1.65,1481051964.57,3.14159265359
-0.19,1.65,1481051964.57,3.14159265359
-0.2,1.65,1481051964.61,3.14159265359
-0.2,1.65,1481051964.61,3.14159265359
-0.21,1.65,1481051964.65,3.14159265359
-0.22,1.65,1481051964.65,3.14159265359
-0.22,1.65,1481051964.69,3.14159265359
-0.23,1.65,1481051964.69,3.14159265359
-0.23,1.65,1481051964.73,3.14159265359
-0.24,1.65,1481051964.73,3.14159265359
-0.25,1.65,1481051964.77,3.14159265359
-0.25,1.65,1481051964.77,3.14159265359
-0.26,1.65,1481051964.81,3.14159265359
-0.26,1.65,1481051964.81,3.14159265359
-0.27,1.65,1481051964.85,3.14159265359
-0.28,1.65,1481051964.85,3.14159265359
-0.28,1.65,1481051964.89,3.14159265359
-0.29,1.65,1481051964.89,3.14159265359
-0.29,1.65,1481051964.93,3.14159265359
-0.3,1.65,1481051964.93,3.14159265359
-0.3,1.65,1481051964.97,3.14159265359
-0.31,1.65,1481051964.97,3.14159265359
-0.31,1.65,1481051965.01,3.14159265359
-0.32,1.65,1481051965.01,3.14159265359
-0.33,1.65,1481051965.05,3.14159265359
-0.33,1.65,1481051965.05,3.14159265359
-0.34,1.65,1481051965.09,3.14159265359
-0.34,1.65,1481051965.09,3.14159265359
-0.35,1.65,1481051965.13,3.14159265359
-0.35,1.65,1481051965.13,3.14159265359
-0.36,1.65,1481051965.17,3.14159265359
-0.37,1.65,1481051965.17,3.14159265359
-0.37,1.65,1481051965.21,3.14159265359
-0.38,1.65,1481051965.21,3.14159265359
-0.38,1.65,1481051965.25,3.14159265359
-0.39,1.65,1481051965.25,3.14159265359
-0.39,1.65,1481051965.29,3.14159265359
-0.4,1.65,1481051965.29,3.14159265359
-0.4,1.65,1481051965.33,3.14159265359
-0.41,1.65,1481051965.33,3.14159265359
-0.41,1.65,1481051965.37,3.14159265359
-0.42,1.65,1481051965.37,3.14159265359
-0.42,1.65,1481051965.41,3.14159265359
-0.43,1.65,1481051965.41,3.14159265359
-0.43,1.65,1481051965.45,3.14159265359
-0.44,1.65,1481051965.45,3.14159265359
-0.45,1.65,1481051965.49,3.14159265359
-0.45,1.65,1481051965.49,3.14159265359
-0.45,1.65,1481051965.53,3.14159265359
-0.46,1.65,1481051965.53,3.14159265359
-0.46,1.65,1481051965.57,3.14159265359
-0.47,1.65,1481051965.57,3.14159265359
-0.47,1.65,1481051965.61,3.14159265359
-0.47,1.65,1481051965.61,3.14159265359
-0.48,1.65,1481051965.65,3.14159265359
-0.48,1.65,1481051965.65,3.14159265359
-0.49,1.65,1481051965.69,3.14159265359
-0.49,1.65,1481051965.69,3.14159265359
-0.49,1.66,1481051965.73,3.14159265359
-0.49,1.66,1481051965.73,3.14159265359
-0.5,1.66,1481051965.77,3.14159265359
-0.5,1.66,1481051965.77,3.14159265359
-0.5,1.66,1481051965.81,3.14159265359
-0.5,1.67,1481051965.81,3.14159265359
-0.5,1.67,1481051965.85,3.14159265359
-0.5,1.67,1481051965.85,3.14159265359
-0.5,1.67,1481051965.89,3.14159265359
-0.5,1.67,1481051965.89,3.14159265359
-0.5,1.68,1481051965.93,3.14159265359
-0.5,1.68,1481051965.93,3.14159265359
-0.5,1.68,1481051965.97,3.14159265359
-0.5,1.68,1481051965.97,3.14159265359
-0.51,1.68,1481051966.01,3.14159265359
-0.51,1.67,1481051966.01,3.14159265359
-0.51,1.67,1481051966.05,3.14159265359
-0.51,1.67,1481051966.05,3.14159265359
-0.51,1.66,1481051966.09,3.14159265359
-0.51,1.66,1481051966.09,3.14159265359
-0.51,1.66,1481051966.13,3.14159265359
-0.51,1.66,1481051966.13,3.14159265359
-0.51,1.65,1481051966.17,3.14159265359
-0.51,1.65,1481051966.17,3.14159265359
-0.51,1.65,1481051966.21,0.0
-0.51,1.65,1481051966.21,0.0
-0.51,1.65,1481051966.25,0.0
-0.51,1.65,1481051966.25,0.0
