0.0,0.0,1481041126.95,0.0
0.0,0.0,1481041126.97,0.0
0.0,0.0,1481041126.99,0.0
0.0,0.0,1481041127.01,0.0
0.0,0.0,1481041127.03,0.0
0.0,0.0,1481041127.05,0.0
0.0,0.0,1481041127.07,0.0
0.0,0.0,1481041127.09,0.0
0.0,0.0,1481041127.11,0.0
0.0,0.0,1481041127.13,0.0
0.0,0.0,1481041127.15,0.0
0.0,0.0,1481041127.17,0.0
0.0,0.0,1481041127.19,0.0
0.0,0.0,1481041127.21,0.0
0.0,0.0,1481041127.23,0.0
0.0,0.0,1481041127.25,0.0
0.0,0.0,1481041127.27,0.0
0.0,0.0,1481041127.29,0.0
0.0,0.0,1481041127.31,0.0
0.0,0.0,1481041127.33,0.0
0.0,0.0,1481041127.35,0.0
0.0,0.0,1481041127.37,0.0
0.0,0.0,1481041127.39,0.0
0.0,0.0,1481041127.41,0.0
0.0,0.0,1481041127.43,0.0
0.0,0.0,1481041127.45,0.0
0.0,0.0,1481041127.47,0.0
0.0,0.0,1481041127.49,0.0
0.0,0.0,1481041127.51,0.0
0.0,0.0,1481041127.53,0.0
0.0,0.0,1481041127.55,0.0
0.0,0.0,1481041127.57,0.0
0.0,0.0,1481041127.59,0.0
0.0,0.0,1481041127.61,0.0
0.0,0.0,1481041127.63,0.0
0.0,0.0,1481041127.65,0.0
0.0,0.0,1481041127.67,0.0
0.0,0.0,1481041127.69,0.0
0.0,0.0,1481041127.71,0.0
0.0,0.0,1481041127.73,0.0
0.0,0.0,1481041127.75,0.0
0.0,0.0,1481041127.77,0.0
0.0,0.0,1481041127.79,0.0
0.0,0.0,1481041127.81,0.0
0.0,0.0,1481041127.83,0.0
0.0,0.0,1481041127.85,0.0
0.0,0.0,1481041127.87,0.0
0.0,0.0,1481041127.89,0.0
0.0,0.0,1481041127.91,0.0
0.0,0.0,1481041127.93,0.0
0.0,0.0,1481041127.95,0.0
0.0,0.0,1481041127.97,0.0
0.0,0.0,1481041127.99,0.0
0.0,0.0,1481041128.01,0.0
0.0,0.0,1481041128.03,0.0
0.0,0.0,1481041128.05,0.0
0.0,0.0,1481041128.1,0.0
0.0,0.0,1481041128.1,0.0
0.0,0.0,1481041128.11,0.0
0.0,0.0,1481041128.13,0.0
0.0,0.0,1481041128.15,0.0
0.0,0.0,1481041128.17,0.0
0.0,0.0,1481041128.19,0.0
0.0,0.0,1481041128.21,0.0
0.0,0.0,1481041128.23,0.0
0.0,0.0,1481041128.25,0.0
0.0,0.0,1481041128.27,0.0
0.0,0.0,1481041128.29,0.0
0.0,0.0,1481041128.31,0.0
0.0,0.0,1481041128.33,0.0
0.0,0.0,1481041128.35,0.0
0.0,0.0,1481041128.37,0.0
0.0,0.0,1481041128.39,0.0
0.0,0.0,1481041128.41,0.0
0.0,0.0,1481041128.43,0.0
0.0,0.0,1481041128.45,0.0
0.0,0.0,1481041128.47,0.0
0.0,0.0,1481041128.49,0.0
0.0,0.0,1481041128.51,0.0
0.0,0.0,1481041128.53,0.0
0.0,0.0,1481041128.55,0.0
0.0,0.0,1481041128.57,0.0
0.0,0.0,1481041128.59,0.0
0.0,0.0,1481041128.61,0.0
0.0,0.0,1481041128.63,0.0
0.0,0.0,1481041128.65,0.0
0.0,0.0,1481041128.67,0.0
0.0,0.0,1481041128.69,0.0
0.0,0.0,1481041128.71,0.0
0.0,0.0,1481041128.73,0.0
0.0,0.0,1481041128.75,0.0
0.0,0.0,1481041128.77,0.0
0.0,0.0,1481041128.79,0.0
0.0,0.0,1481041128.81,0.0
0.0,0.0,1481041128.83,0.0
0.0,0.0,1481041128.85,0.0
0.0,0.0,1481041128.87,0.0
0.0,0.0,1481041128.89,0.0
0.0,0.0,1481041128.91,0.0
0.0,0.0,1481041128.93,0.0
0.0,0.0,1481041128.95,0.0
0.0,0.0,1481041128.97,0.0
0.0,0.0,1481041128.99,0.0
0.0,0.0,1481041129.01,0.0
0.0,0.0,1481041129.03,0.0
0.0,0.0,1481041129.05,0.0
0.0,0.0,1481041129.07,0.0
0.0,0.0,1481041129.09,0.0
0.0,0.0,1481041129.11,0.0
0.0,0.0,1481041129.13,0.0
0.0,0.0,1481041129.15,0.0
0.0,0.0,1481041129.17,0.0
0.0,0.0,1481041129.19,0.0
0.0,0.0,1481041129.21,0.0
0.0,0.0,1481041129.23,0.0
0.0,0.0,1481041129.25,0.0
0.0,0.0,1481041129.27,0.0
0.0,0.0,1481041129.29,0.0
0.0,0.0,1481041129.31,0.0
0.0,0.0,1481041129.33,0.0
0.0,0.0,1481041129.38,0.0
0.0,0.0,1481041129.38,0.0
0.0,0.0,1481041129.39,0.0
0.0,0.0,1481041129.41,0.0
0.0,0.0,1481041129.43,0.0
0.0,0.0,1481041129.45,0.0
0.0,0.0,1481041129.47,0.0
0.0,0.0,1481041129.49,0.0
0.0,0.0,1481041129.51,0.0
0.0,0.0,1481041129.53,0.0
0.0,0.0,1481041129.55,0.0
0.0,0.0,1481041129.57,0.0
0.0,0.0,1481041129.59,0.0
0.0,0.0,1481041129.61,0.0
0.0,0.0,1481041129.63,0.0
0.0,0.0,1481041129.65,0.0
0.0,0.0,1481041129.67,0.0
0.0,0.0,1481041129.69,0.0
0.0,0.0,1481041129.71,0.0
0.0,0.0,1481041129.73,0.0
0.0,0.0,1481041129.75,0.0
0.0,0.0,1481041129.77,0.0
0.0,0.0,1481041129.79,0.0
0.0,0.0,1481041129.81,0.0
0.0,0.0,1481041129.83,0.0
0.0,0.0,1481041129.85,0.0
0.0,0.0,1481041129.87,0.0
0.0,0.0,1481041129.89,0.0
0.0,0.0,1481041129.91,0.0
0.0,0.0,1481041129.93,0.0
0.0,0.0,1481041129.95,0.0
0.0,0.0,1481041129.97,0.0
0.0,0.0,1481041129.99,0.0
0.0,0.0,1481041130.01,0.0
0.0,0.0,1481041130.03,0.0
0.0,0.0,1481041130.05,0.0
0.0,0.0,1481041130.07,0.0
0.0,0.0,1481041130.09,0.0
0.0,0.0,1481041130.11,0.0
0.0,0.0,1481041130.13,0.0
0.0,0.0,1481041130.15,0.0
0.0,0.0,1481041130.17,0.0
0.0,0.0,1481041130.19,0.0
0.0,0.0,1481041130.21,0.0
0.0,0.0,1481041130.23,0.0
0.0,0.0,1481041130.25,0.0
0.0,0.0,1481041130.27,0.0
0.0,0.0,1481041130.29,0.0
0.0,0.0,1481041130.31,0.0
0.0,0.0,1481041130.33,0.0
0.0,0.0,1481041130.35,0.0
0.0,0.0,1481041130.37,0.0
0.0,0.0,1481041130.39,0.0
0.0,0.0,1481041130.41,0.0
0.0,0.0,1481041130.43,0.0
0.0,0.0,1481041130.46,0.0
0.0,0.0,1481041130.47,0.0
0.0,0.0,1481041130.49,0.0
0.0,0.0,1481041130.51,0.0
0.0,0.0,1481041130.53,0.0
0.0,0.0,1481041130.55,0.0
0.0,0.0,1481041130.57,0.0
0.0,0.0,1481041130.59,0.0
0.0,0.0,1481041130.61,0.0
0.0,0.0,1481041130.66,0.0
0.0,0.0,1481041130.66,0.0
0.0,0.0,1481041130.67,0.0
0.0,0.0,1481041130.69,0.0
0.0,0.0,1481041130.71,0.0
0.0,0.0,1481041130.73,0.0
0.0,0.0,1481041130.75,0.0
0.0,0.0,1481041130.77,0.0
0.0,0.0,1481041130.79,0.0
0.0,0.0,1481041130.81,0.0
0.0,0.0,1481041130.83,0.0
0.0,0.0,1481041130.85,0.0
0.0,0.0,1481041130.87,0.0
0.0,0.0,1481041130.89,0.0
0.0,0.0,1481041130.91,0.0
0.0,0.0,1481041130.93,0.0
0.0,0.0,1481041130.95,0.0
0.0,0.0,1481041130.97,0.0
0.0,0.0,1481041130.99,0.0
0.0,0.0,1481041131.01,0.0
0.0,0.0,1481041131.03,0.0
0.0,0.0,1481041131.07,0.0
0.0,0.0,1481041131.11,0.0
0.0,0.0,1481041131.11,0.0
0.0,0.0,1481041131.15,0.0
0.0,0.0,1481041131.15,0.0
0.0,0.0,1481041131.19,0.0
0.0,0.0,1481041131.19,0.0
0.0,0.0,1481041131.23,0.0
0.0,0.0,1481041131.23,0.0
0.0,0.0,1481041131.27,0.0
0.0,0.0,1481041131.27,0.0
0.0,0.0,1481041131.31,0.0
0.0,0.0,1481041131.31,0.0
0.0,0.0,1481041131.35,0.0
0.0,0.0,1481041131.35,0.0
0.0,0.0,1481041131.39,0.0
0.0,0.0,1481041131.39,0.0
0.0,0.0,1481041131.43,0.0
0.0,0.0,1481041131.43,0.0
0.0,0.0,1481041131.47,0.0
0.0,0.0,1481041131.47,0.0
0.0,0.0,1481041131.51,0.0
0.0,0.0,1481041131.51,0.0
0.0,0.0,1481041131.55,0.0
0.0,0.0,1481041131.55,0.0
0.0,0.0,1481041131.59,0.0
0.0,0.0,1481041131.59,0.0
0.0,0.0,1481041131.63,3.14159265359
0.0,0.0,1481041131.63,0.0
0.0,0.0,1481041131.67,0.0
0.0,0.0,1481041131.67,0.0
0.0,0.0,1481041131.71,0.0
0.0,0.0,1481041131.71,0.0
0.0,0.0,1481041131.75,0.0
0.0,0.0,1481041131.75,0.0
0.01,0.0,1481041131.79,0.0
0.01,0.0,1481041131.79,0.0
0.01,0.0,1481041131.83,0.0
0.01,0.0,1481041131.83,0.0
0.01,0.0,1481041131.87,0.0
0.01,0.0,1481041131.87,0.0
0.02,0.01,1481041131.91,0.0
0.02,0.01,1481041131.91,0.0
0.02,0.01,1481041131.95,0.0
0.02,0.01,1481041131.96,0.0
0.02,0.01,1481041132.0,0.0
0.03,0.01,1481041132.0,0.0
0.03,0.01,1481041132.0,0.0
0.03,0.01,1481041132.04,0.0
0.03,0.01,1481041132.04,0.0
0.03,0.01,1481041132.05,0.0
0.04,0.01,1481041132.07,0.0
0.04,0.01,1481041132.11,0.0
0.04,0.01,1481041132.15,0.0
0.04,0.01,1481041132.15,0.0
0.04,0.01,1481041132.19,0.0
0.05,0.01,1481041132.19,0.0
0.05,0.01,1481041132.23,0.0
0.05,0.01,1481041132.23,0.0
0.05,0.01,1481041132.27,0.0
0.05,0.01,1481041132.27,0.0
0.05,0.01,1481041132.31,0.0
0.05,0.01,1481041132.31,0.0
0.05,0.01,1481041132.35,0.0
0.05,0.01,1481041132.35,0.0
0.05,0.02,1481041132.39,0.0
0.05,0.02,1481041132.39,0.0
0.05,0.02,1481041132.43,0.0
0.05,0.02,1481041132.43,0.0
0.06,0.02,1481041132.47,0.0
0.06,0.02,1481041132.47,0.0
0.06,0.02,1481041132.51,0.0
0.06,0.02,1481041132.51,0.0
0.06,0.02,1481041132.55,0.0
0.06,0.02,1481041132.55,0.0
0.06,0.02,1481041132.59,0.0
0.06,0.02,1481041132.59,0.0
0.06,0.02,1481041132.63,0.0
0.06,0.02,1481041132.63,0.0
0.06,0.02,1481041132.67,0.0
0.06,0.02,1481041132.67,0.0
0.06,0.02,1481041132.71,0.0
0.06,0.02,1481041132.71,0.0
0.07,0.02,1481041132.75,0.0
0.07,0.02,1481041132.75,0.0
0.07,0.02,1481041132.79,0.0
0.07,0.02,1481041132.79,0.0
0.07,0.02,1481041132.83,0.0
0.07,0.02,1481041132.83,0.0
0.07,0.02,1481041132.87,0.0
0.07,0.02,1481041132.87,0.0
0.07,0.02,1481041132.91,0.0
0.07,0.02,1481041132.91,0.0
0.07,0.03,1481041132.95,0.0
0.08,0.03,1481041132.95,0.0
0.08,0.03,1481041132.99,0.0
0.08,0.03,1481041132.99,0.0
0.08,0.03,1481041133.03,0.0
0.08,0.03,1481041133.03,0.0
0.09,0.03,1481041133.07,0.0
0.09,0.02,1481041133.07,0.0
0.09,0.02,1481041133.11,0.0
0.09,0.02,1481041133.11,0.0
0.1,0.02,1481041133.15,0.0
0.1,0.02,1481041133.15,0.0
0.1,0.02,1481041133.19,0.0
0.11,0.02,1481041133.19,0.0
0.11,0.02,1481041133.23,0.0
0.11,0.02,1481041133.23,0.0
0.12,0.02,1481041133.27,0.0
0.12,0.02,1481041133.27,0.0
0.13,0.03,1481041133.31,0.0
0.13,0.03,1481041133.31,0.0
0.13,0.03,1481041133.35,0.0
0.14,0.03,1481041133.35,0.0
0.14,0.03,1481041133.39,0.0
0.15,0.03,1481041133.39,0.0
0.15,0.03,1481041133.43,0.0
0.16,0.03,1481041133.43,0.0
0.16,0.03,1481041133.47,0.0
0.17,0.03,1481041133.47,0.0
0.18,0.03,1481041133.51,0.0
0.18,0.03,1481041133.51,0.0
0.19,0.03,1481041133.55,0.0
0.19,0.03,1481041133.55,0.0
0.2,0.03,1481041133.59,0.0
0.2,0.03,1481041133.59,0.0
0.2,0.02,1481041133.63,0.0
0.21,0.02,1481041133.63,0.0
0.22,0.02,1481041133.67,0.0
0.22,0.02,1481041133.67,0.0
0.23,0.02,1481041133.71,0.0
0.23,0.02,1481041133.71,0.0
0.24,0.02,1481041133.75,0.0
0.24,0.02,1481041133.75,0.0
0.25,0.02,1481041133.79,0.0
0.25,0.02,1481041133.79,0.0
0.26,0.02,1481041133.83,0.0
0.26,0.02,1481041133.83,0.0
0.27,0.02,1481041133.87,0.0
0.27,0.02,1481041133.87,0.0
0.28,0.02,1481041133.91,0.0
0.29,0.02,1481041133.91,0.0
0.29,0.02,1481041133.95,0.0
0.3,0.02,1481041133.95,0.0
0.3,0.02,1481041133.99,0.0
0.31,0.02,1481041133.99,0.0
0.31,0.02,1481041134.03,0.0
0.32,0.02,1481041134.03,0.0
0.32,0.02,1481041134.07,0.0
0.33,0.02,1481041134.07,0.0
0.33,0.02,1481041134.11,0.0
0.34,0.02,1481041134.11,0.0
0.35,0.02,1481041134.15,0.0
0.35,0.02,1481041134.15,0.0
0.36,0.02,1481041134.19,0.0
0.36,0.02,1481041134.19,0.0
0.37,0.02,1481041134.23,0.0
0.37,0.02,1481041134.23,0.0
0.38,0.03,1481041134.27,0.0
0.39,0.03,1481041134.27,0.0
0.39,0.03,1481041134.31,0.0
0.4,0.03,1481041134.31,0.0
0.4,0.03,1481041134.35,0.0
0.41,0.03,1481041134.35,0.0
0.42,0.03,1481041134.39,0.0
0.42,0.03,1481041134.39,0.0
0.43,0.03,1481041134.43,0.0
0.43,0.03,1481041134.43,0.0
0.44,0.03,1481041134.47,0.0
0.45,0.03,1481041134.47,0.0
0.45,0.03,1481041134.51,0.0
0.46,0.02,1481041134.51,0.0
0.46,0.02,1481041134.55,0.0
0.47,0.02,1481041134.55,0.0
0.48,0.02,1481041134.59,0.0
0.48,0.02,1481041134.59,0.0
0.49,0.02,1481041134.63,0.0
0.49,0.02,1481041134.63,0.0
0.5,0.02,1481041134.67,0.0
0.5,0.02,1481041134.67,0.0
0.51,0.02,1481041134.71,0.0
0.52,0.02,1481041134.71,0.0
0.52,0.02,1481041134.75,0.0
0.53,0.02,1481041134.75,0.0
0.53,0.02,1481041134.79,0.0
0.53,0.02,1481041134.79,0.0
0.54,0.02,1481041134.83,0.0
0.54,0.02,1481041134.83,0.0
0.55,0.02,1481041134.87,0.0
0.55,0.02,1481041134.87,0.0
0.56,0.02,1481041134.91,0.0
0.57,0.02,1481041134.91,0.0
0.57,0.02,1481041134.95,0.0
0.58,0.03,1481041134.95,0.0
0.58,0.03,1481041134.99,0.0
0.58,0.03,1481041134.99,0.0
0.59,0.04,1481041135.03,0.0
0.59,0.04,1481041135.03,0.0
0.59,0.04,1481041135.07,0.0
0.59,0.05,1481041135.07,3.14159265359
0.59,0.05,1481041135.11,3.14159265359
0.59,0.06,1481041135.11,3.14159265359
0.59,0.06,1481041135.15,3.14159265359
0.59,0.06,1481041135.15,3.14159265359
0.59,0.07,1481041135.19,3.14159265359
0.58,0.07,1481041135.19,3.14159265359
0.58,0.07,1481041135.23,3.14159265359
0.58,0.08,1481041135.23,3.14159265359
0.58,0.08,1481041135.27,3.14159265359
0.58,0.08,1481041135.27,3.14159265359
0.58,0.08,1481041135.31,3.14159265359
0.58,0.08,1481041135.31,3.14159265359
0.58,0.08,1481041135.35,3.14159265359
0.58,0.08,1481041135.35,3.14159265359
0.58,0.08,1481041135.39,0.0
0.58,0.08,1481041135.39,0.0
0.58,0.08,1481041135.43,0.0
0.58,0.08,1481041135.43,0.0
0.58,0.08,1481041135.47,0.0
0.58,0.08,1481041135.47,0.0
0.58,0.08,1481041135.51,3.14159265359
0.58,0.08,1481041135.51,3.14159265359
0.58,0.08,1481041135.55,3.14159265359
0.58,0.08,1481041135.55,3.14159265359
0.58,0.08,1481041135.59,3.14159265359
0.58,0.08,1481041135.59,3.14159265359
0.58,0.08,1481041135.63,3.14159265359
0.58,0.08,1481041135.63,3.14159265359
0.58,0.08,1481041135.67,3.14159265359
0.57,0.08,1481041135.67,3.14159265359
0.57,0.08,1481041135.71,3.14159265359
0.57,0.08,1481041135.71,3.14159265359
0.57,0.08,1481041135.75,3.14159265359
0.57,0.08,1481041135.75,3.14159265359
0.57,0.08,1481041135.79,3.14159265359
0.57,0.08,1481041135.79,3.14159265359
0.57,0.08,1481041135.83,3.14159265359
0.57,0.08,1481041135.83,3.14159265359
0.57,0.08,1481041135.87,3.14159265359
0.57,0.08,1481041135.87,3.14159265359
0.57,0.08,1481041135.91,3.14159265359
0.57,0.08,1481041135.91,3.14159265359
0.57,0.08,1481041135.95,3.14159265359
0.57,0.08,1481041135.95,0.0
0.57,0.08,1481041135.99,3.14159265359
0.57,0.08,1481041135.99,3.14159265359
0.57,0.08,1481041136.03,0.0
0.57,0.08,1481041136.03,0.0
0.57,0.08,1481041136.07,0.0
0.57,0.08,1481041136.07,3.14159265359
0.57,0.08,1481041136.11,0.0
0.57,0.08,1481041136.11,0.0
0.57,0.08,1481041136.15,0.0
0.57,0.08,1481041136.15,0.0
0.57,0.08,1481041136.19,0.0
0.57,0.07,1481041136.19,0.0
0.57,0.07,1481041136.23,0.0
0.57,0.07,1481041136.23,0.0
0.57,0.07,1481041136.27,0.0
0.57,0.07,1481041136.27,0.0
0.57,0.07,1481041136.31,0.0
0.57,0.07,1481041136.31,0.0
0.57,0.07,1481041136.35,0.0
0.57,0.07,1481041136.35,0.0
0.57,0.07,1481041136.39,0.0
0.57,0.07,1481041136.39,0.0
0.57,0.07,1481041136.39,0.0
0.57,0.07,1481041136.43,0.0
0.57,0.07,1481041136.43,0.0
0.57,0.07,1481041136.45,0.0
0.57,0.07,1481041136.47,0.0
0.57,0.07,1481041136.51,0.0
0.57,0.07,1481041136.55,0.0
0.57,0.07,1481041136.55,0.0
0.57,0.07,1481041136.59,0.0
0.57,0.07,1481041136.59,0.0
0.57,0.07,1481041136.63,0.0
0.57,0.07,1481041136.63,0.0
0.57,0.07,1481041136.67,0.0
0.57,0.07,1481041136.67,0.0
0.57,0.07,1481041136.67,0.0
0.57,0.07,1481041136.71,0.0
0.57,0.07,1481041136.71,0.0
0.57,0.07,1481041136.73,0.0
0.57,0.07,1481041136.75,0.0
0.57,0.07,1481041136.79,0.0
0.57,0.07,1481041136.83,0.0
0.57,0.07,1481041136.83,0.0
0.57,0.07,1481041136.87,0.0
0.57,0.07,1481041136.87,0.0
0.57,0.07,1481041136.91,0.0
0.57,0.07,1481041136.91,0.0
0.57,0.07,1481041136.95,3.14159265359
0.57,0.07,1481041136.95,3.14159265359
0.57,0.07,1481041136.99,0.0
0.57,0.07,1481041136.99,0.0
0.57,0.07,1481041137.03,0.0
0.57,0.07,1481041137.03,0.0
0.57,0.07,1481041137.07,0.0
0.57,0.07,1481041137.07,0.0
0.57,0.07,1481041137.11,0.0
0.57,0.07,1481041137.11,0.0
0.57,0.07,1481041137.15,0.0
0.57,0.07,1481041137.15,0.0
0.57,0.07,1481041137.19,0.0
0.57,0.07,1481041137.19,0.0
0.57,0.07,1481041137.23,0.0
0.57,0.07,1481041137.23,0.0
0.57,0.07,1481041137.27,0.0
0.57,0.07,1481041137.27,0.0
0.57,0.07,1481041137.31,0.0
0.57,0.07,1481041137.31,0.0
0.57,0.07,1481041137.35,0.0
0.57,0.07,1481041137.35,0.0
0.57,0.07,1481041137.39,0.0
0.57,0.07,1481041137.39,0.0
0.57,0.07,1481041137.43,0.0
0.57,0.07,1481041137.43,0.0
0.57,0.07,1481041137.47,0.0
0.57,0.07,1481041137.47,0.0
0.57,0.07,1481041137.51,0.0
0.57,0.07,1481041137.51,0.0
0.57,0.07,1481041137.55,0.0
0.57,0.07,1481041137.55,0.0
0.57,0.07,1481041137.59,0.0
0.57,0.07,1481041137.59,0.0
0.57,0.07,1481041137.63,0.0
0.57,0.07,1481041137.63,0.0
0.57,0.07,1481041137.67,0.0
0.57,0.07,1481041137.67,0.0
0.57,0.07,1481041137.71,0.0
0.57,0.07,1481041137.71,0.0
0.57,0.07,1481041137.75,0.0
0.57,0.07,1481041137.75,0.0
0.57,0.07,1481041137.79,0.0
0.57,0.07,1481041137.79,0.0
0.57,0.07,1481041137.83,0.0
0.57,0.07,1481041137.83,0.0
0.57,0.07,1481041137.87,3.14159265359
0.57,0.07,1481041137.87,0.0
0.57,0.07,1481041137.91,0.0
0.57,0.07,1481041137.91,0.0
0.57,0.07,1481041137.91,0.0
0.57,0.07,1481041137.95,0.0
0.57,0.07,1481041137.95,0.0
0.57,0.07,1481041137.97,0.0
0.57,0.07,1481041137.99,0.0
0.57,0.07,1481041138.03,0.0
0.57,0.07,1481041138.07,0.0
0.57,0.07,1481041138.11,0.0
0.57,0.07,1481041138.11,0.0
0.57,0.07,1481041138.11,0.0
0.57,0.07,1481041138.15,0.0
0.57,0.07,1481041138.15,0.0
0.57,0.07,1481041138.15,3.14159265359
0.57,0.07,1481041138.17,3.14159265359
0.57,0.07,1481041138.21,0.0
0.57,0.07,1481041138.25,0.0
0.57,0.07,1481041138.25,3.14159265359
0.57,0.06,1481041138.29,3.14159265359
0.57,0.06,1481041138.29,0.0
0.57,0.06,1481041138.33,0.0
0.57,0.06,1481041138.34,0.0
0.57,0.06,1481041138.38,0.0
0.57,0.06,1481041138.38,0.0
0.57,0.06,1481041138.39,0.0
0.57,0.06,1481041138.42,3.14159265359
0.57,0.06,1481041138.42,3.14159265359
0.57,0.06,1481041138.43,3.14159265359
0.57,0.06,1481041138.45,3.14159265359
0.57,0.06,1481041138.49,3.14159265359
0.56,0.06,1481041138.53,3.14159265359
0.56,0.06,1481041138.53,3.14159265359
0.56,0.05,1481041138.57,3.14159265359
0.55,0.05,1481041138.57,3.14159265359
0.55,0.05,1481041138.61,3.14159265359
0.55,0.05,1481041138.61,3.14159265359
0.55,0.04,1481041138.65,0.0
0.55,0.04,1481041138.65,0.0
0.55,0.04,1481041138.69,3.14159265359
0.55,0.04,1481041138.69,3.14159265359
0.55,0.03,1481041138.73,3.14159265359
0.55,0.03,1481041138.73,3.14159265359
0.54,0.03,1481041138.77,3.14159265359
0.54,0.02,1481041138.77,3.14159265359
0.54,0.02,1481041138.81,3.14159265359
0.54,0.02,1481041138.81,3.14159265359
0.54,0.01,1481041138.85,3.14159265359
0.54,0.01,1481041138.85,3.14159265359
0.54,0.01,1481041138.89,3.14159265359
0.54,0.0,1481041138.89,3.14159265359
0.54,0.0,1481041138.93,3.14159265359
0.54,0.0,1481041138.93,3.14159265359
0.54,0.0,1481041138.97,3.14159265359
0.54,0.0,1481041138.97,3.14159265359
0.54,0.0,1481041139.01,3.14159265359
0.54,-0.01,1481041139.01,3.14159265359
0.54,-0.01,1481041139.05,3.14159265359
0.54,-0.01,1481041139.05,3.14159265359
0.54,-0.01,1481041139.09,0.0
0.54,-0.01,1481041139.09,3.14159265359
0.54,-0.02,1481041139.13,3.14159265359
0.54,-0.02,1481041139.13,3.14159265359
0.54,-0.02,1481041139.17,3.14159265359
0.54,-0.02,1481041139.17,3.14159265359
0.54,-0.02,1481041139.21,3.14159265359
0.54,-0.02,1481041139.21,3.14159265359
0.54,-0.02,1481041139.25,3.14159265359
0.54,-0.02,1481041139.25,3.14159265359
0.54,-0.03,1481041139.29,3.14159265359
0.54,-0.03,1481041139.29,3.14159265359
0.54,-0.03,1481041139.33,3.14159265359
0.54,-0.03,1481041139.33,0.0
0.54,-0.03,1481041139.37,3.14159265359
0.54,-0.03,1481041139.37,3.14159265359
0.54,-0.03,1481041139.41,3.14159265359
0.54,-0.03,1481041139.41,3.14159265359
0.54,-0.03,1481041139.45,3.14159265359
0.54,-0.03,1481041139.45,3.14159265359
0.54,-0.04,1481041139.49,3.14159265359
0.54,-0.04,1481041139.49,3.14159265359
0.54,-0.04,1481041139.53,3.14159265359
0.54,-0.04,1481041139.53,3.14159265359
0.54,-0.04,1481041139.57,3.14159265359
0.54,-0.04,1481041139.57,3.14159265359
0.54,-0.04,1481041139.61,3.14159265359
0.54,-0.04,1481041139.62,3.14159265359
0.54,-0.05,1481041139.66,3.14159265359
0.54,-0.05,1481041139.66,3.14159265359
0.54,-0.05,1481041139.66,3.14159265359
0.54,-0.05,1481041139.7,3.14159265359
0.54,-0.05,1481041139.7,3.14159265359
0.54,-0.05,1481041139.71,3.14159265359
0.54,-0.06,1481041139.73,3.14159265359
0.54,-0.06,1481041139.77,3.14159265359
0.54,-0.06,1481041139.81,3.14159265359
0.54,-0.06,1481041139.81,3.14159265359
0.54,-0.07,1481041139.85,3.14159265359
0.54,-0.07,1481041139.85,3.14159265359
0.54,-0.07,1481041139.89,3.14159265359
0.54,-0.08,1481041139.89,3.14159265359
0.54,-0.08,1481041139.89,0.0
0.54,-0.08,1481041139.93,0.0
0.54,-0.09,1481041139.93,0.0
0.54,-0.09,1481041139.95,0.0
0.54,-0.1,1481041139.97,0.0
0.54,-0.1,1481041140.01,0.0
0.54,-0.11,1481041140.05,0.0
0.54,-0.11,1481041140.05,0.0
0.54,-0.12,1481041140.09,0.0
0.54,-0.12,1481041140.09,0.0
0.54,-0.13,1481041140.13,0.0
0.54,-0.13,1481041140.13,0.0
0.54,-0.14,1481041140.17,0.0
0.54,-0.14,1481041140.17,0.0
0.54,-0.15,1481041140.21,0.0
0.54,-0.15,1481041140.21,0.0
0.54,-0.16,1481041140.25,0.0
0.54,-0.16,1481041140.25,0.0
0.54,-0.17,1481041140.29,0.0
0.54,-0.17,1481041140.29,0.0
0.54,-0.18,1481041140.33,0.0
0.54,-0.18,1481041140.33,0.0
0.54,-0.19,1481041140.37,3.14159265359
0.54,-0.19,1481041140.37,3.14159265359
0.54,-0.2,1481041140.41,3.14159265359
0.54,-0.2,1481041140.41,3.14159265359
0.54,-0.21,1481041140.45,3.14159265359
0.54,-0.21,1481041140.45,3.14159265359
0.54,-0.22,1481041140.49,3.14159265359
0.54,-0.22,1481041140.49,3.14159265359
0.54,-0.23,1481041140.53,3.14159265359
0.54,-0.23,1481041140.53,3.14159265359
0.54,-0.24,1481041140.57,0.0
0.54,-0.24,1481041140.57,0.0
0.54,-0.25,1481041140.61,0.0
0.54,-0.25,1481041140.61,0.0
0.54,-0.26,1481041140.65,0.0
0.54,-0.26,1481041140.65,0.0
0.54,-0.27,1481041140.69,0.0
0.55,-0.27,1481041140.69,0.0
0.55,-0.28,1481041140.73,0.0
0.55,-0.28,1481041140.73,0.0
0.55,-0.29,1481041140.77,0.0
0.55,-0.29,1481041140.77,0.0
0.55,-0.3,1481041140.81,3.14159265359
0.55,-0.3,1481041140.81,3.14159265359
0.55,-0.31,1481041140.85,3.14159265359
0.55,-0.31,1481041140.85,0.0
0.55,-0.32,1481041140.89,3.14159265359
0.55,-0.32,1481041140.9,3.14159265359
0.55,-0.33,1481041140.94,0.0
0.55,-0.33,1481041140.94,0.0
0.55,-0.34,1481041140.94,0.0
0.55,-0.34,1481041140.98,0.0
0.55,-0.35,1481041140.98,0.0
0.55,-0.35,1481041140.99,0.0
0.55,-0.36,1481041141.01,0.0
0.55,-0.36,1481041141.05,3.14159265359
0.55,-0.37,1481041141.09,3.14159265359
0.55,-0.37,1481041141.09,3.14159265359
0.55,-0.38,1481041141.13,3.14159265359
0.55,-0.38,1481041141.13,3.14159265359
0.55,-0.39,1481041141.17,3.14159265359
0.54,-0.39,1481041141.17,3.14159265359
0.54,-0.4,1481041141.21,3.14159265359
0.54,-0.4,1481041141.21,3.14159265359
0.54,-0.41,1481041141.25,3.14159265359
0.54,-0.41,1481041141.25,3.14159265359
0.54,-0.42,1481041141.29,3.14159265359
0.54,-0.42,1481041141.29,0.0
0.54,-0.43,1481041141.33,0.0
0.54,-0.43,1481041141.33,0.0
0.54,-0.44,1481041141.37,0.0
0.54,-0.44,1481041141.37,0.0
0.54,-0.44,1481041141.41,0.0
0.54,-0.45,1481041141.41,0.0
0.55,-0.45,1481041141.45,0.0
0.55,-0.46,1481041141.45,0.0
0.55,-0.46,1481041141.49,0.0
0.55,-0.47,1481041141.49,0.0
0.55,-0.47,1481041141.53,0.0
0.55,-0.47,1481041141.53,0.0
0.55,-0.48,1481041141.57,0.0
0.55,-0.48,1481041141.57,0.0
0.55,-0.49,1481041141.61,0.0
0.55,-0.49,1481041141.61,0.0
0.55,-0.49,1481041141.65,0.0
0.55,-0.5,1481041141.65,0.0
0.55,-0.5,1481041141.69,3.14159265359
0.55,-0.51,1481041141.69,3.14159265359
0.55,-0.51,1481041141.73,3.14159265359
0.55,-0.52,1481041141.73,3.14159265359
0.55,-0.52,1481041141.77,3.14159265359
0.55,-0.52,1481041141.77,3.14159265359
0.55,-0.53,1481041141.81,3.14159265359
0.55,-0.53,1481041141.81,0.0
0.55,-0.53,1481041141.85,0.0
0.55,-0.54,1481041141.85,0.0
0.55,-0.54,1481041141.89,0.0
0.55,-0.55,1481041141.89,0.0
0.55,-0.55,1481041141.93,0.0
0.55,-0.55,1481041141.93,0.0
0.55,-0.56,1481041141.97,0.0
0.55,-0.56,1481041141.97,0.0
0.55,-0.56,1481041142.01,0.0
0.55,-0.57,1481041142.01,0.0
0.55,-0.57,1481041142.05,0.0
0.55,-0.57,1481041142.05,0.0
0.55,-0.58,1481041142.09,0.0
0.55,-0.58,1481041142.09,0.0
0.55,-0.59,1481041142.13,0.0
0.55,-0.59,1481041142.13,0.0
0.55,-0.59,1481041142.17,0.0
0.55,-0.6,1481041142.18,0.0
0.56,-0.6,1481041142.22,0.0
0.56,-0.61,1481041142.22,0.0
0.56,-0.61,1481041142.22,0.0
0.56,-0.61,1481041142.26,0.0
0.56,-0.62,1481041142.26,0.0
0.56,-0.62,1481041142.27,0.0
0.56,-0.63,1481041142.29,0.0
0.56,-0.63,1481041142.33,0.0
0.56,-0.64,1481041142.37,0.0
0.56,-0.64,1481041142.37,0.0
0.56,-0.64,1481041142.41,0.0
0.56,-0.65,1481041142.41,0.0
0.56,-0.65,1481041142.45,3.14159265359
0.56,-0.66,1481041142.45,3.14159265359
0.56,-0.66,1481041142.49,3.14159265359
0.56,-0.67,1481041142.49,3.14159265359
0.56,-0.67,1481041142.53,3.14159265359
0.56,-0.68,1481041142.53,3.14159265359
0.56,-0.68,1481041142.57,3.14159265359
0.56,-0.69,1481041142.57,3.14159265359
0.56,-0.69,1481041142.61,3.14159265359
0.56,-0.69,1481041142.61,3.14159265359
0.56,-0.7,1481041142.65,3.14159265359
0.56,-0.7,1481041142.65,3.14159265359
0.56,-0.71,1481041142.69,3.14159265359
0.56,-0.71,1481041142.69,0.0
0.56,-0.71,1481041142.73,0.0
0.56,-0.72,1481041142.73,0.0
0.56,-0.72,1481041142.77,0.0
0.56,-0.73,1481041142.77,0.0
0.56,-0.73,1481041142.81,0.0
0.56,-0.73,1481041142.81,0.0
0.56,-0.74,1481041142.85,0.0
0.56,-0.74,1481041142.85,0.0
0.56,-0.75,1481041142.89,0.0
0.56,-0.75,1481041142.89,0.0
0.56,-0.76,1481041142.93,0.0
0.56,-0.76,1481041142.93,0.0
0.56,-0.76,1481041142.97,0.0
0.56,-0.77,1481041142.97,0.0
0.56,-0.77,1481041143.01,0.0
0.56,-0.78,1481041143.01,0.0
0.56,-0.78,1481041143.05,0.0
0.56,-0.78,1481041143.05,0.0
0.56,-0.79,1481041143.09,0.0
0.56,-0.79,1481041143.09,0.0
0.56,-0.8,1481041143.13,0.0
0.56,-0.8,1481041143.13,0.0
0.56,-0.8,1481041143.17,0.0
0.56,-0.81,1481041143.17,3.14159265359
0.56,-0.81,1481041143.21,0.0
0.56,-0.82,1481041143.21,0.0
0.56,-0.82,1481041143.25,0.0
0.56,-0.83,1481041143.25,0.0
0.56,-0.83,1481041143.29,0.0
0.56,-0.84,1481041143.29,0.0
0.56,-0.84,1481041143.33,0.0
0.56,-0.85,1481041143.33,0.0
0.56,-0.85,1481041143.37,0.0
0.56,-0.86,1481041143.37,0.0
0.56,-0.86,1481041143.41,0.0
0.56,-0.87,1481041143.41,0.0
0.56,-0.87,1481041143.45,0.0
0.56,-0.88,1481041143.46,0.0
0.56,-0.88,1481041143.5,0.0
0.56,-0.89,1481041143.5,0.0
0.56,-0.89,1481041143.5,0.0
0.56,-0.9,1481041143.54,0.0
0.56,-0.9,1481041143.54,3.14159265359
0.56,-0.91,1481041143.55,3.14159265359
0.56,-0.91,1481041143.57,3.14159265359
0.56,-0.92,1481041143.61,3.14159265359
0.56,-0.92,1481041143.65,3.14159265359
0.56,-0.93,1481041143.65,3.14159265359
0.56,-0.93,1481041143.69,3.14159265359
0.56,-0.94,1481041143.69,3.14159265359
0.56,-0.94,1481041143.73,3.14159265359
0.56,-0.95,1481041143.73,3.14159265359
0.56,-0.95,1481041143.77,3.14159265359
0.56,-0.96,1481041143.77,0.0
0.56,-0.96,1481041143.81,0.0
0.56,-0.97,1481041143.81,0.0
0.56,-0.97,1481041143.85,0.0
0.56,-0.97,1481041143.85,0.0
0.56,-0.98,1481041143.89,0.0
0.56,-0.98,1481041143.89,0.0
0.56,-0.99,1481041143.93,0.0
0.56,-0.99,1481041143.93,0.0
0.56,-1.0,1481041143.97,0.0
0.57,-1.0,1481041143.97,0.0
0.57,-1.01,1481041144.01,0.0
0.57,-1.01,1481041144.01,0.0
0.57,-1.02,1481041144.05,0.0
0.57,-1.02,1481041144.05,0.0
0.57,-1.03,1481041144.09,0.0
0.57,-1.03,1481041144.09,0.0
0.57,-1.04,1481041144.13,0.0
0.57,-1.04,1481041144.13,0.0
0.57,-1.05,1481041144.17,0.0
0.57,-1.05,1481041144.17,0.0
0.57,-1.05,1481041144.21,0.0
0.57,-1.06,1481041144.21,0.0
0.57,-1.06,1481041144.25,0.0
0.58,-1.06,1481041144.25,0.0
0.58,-1.07,1481041144.29,0.0
0.58,-1.07,1481041144.29,3.14159265359
0.57,-1.08,1481041144.33,3.14159265359
0.57,-1.09,1481041144.33,3.14159265359
0.57,-1.09,1481041144.37,3.14159265359
0.57,-1.09,1481041144.37,3.14159265359
0.57,-1.1,1481041144.41,3.14159265359
0.57,-1.1,1481041144.41,3.14159265359
0.57,-1.1,1481041144.45,3.14159265359
0.56,-1.11,1481041144.45,3.14159265359
0.56,-1.11,1481041144.49,3.14159265359
0.56,-1.11,1481041144.49,0.0
0.56,-1.11,1481041144.53,0.0
0.56,-1.11,1481041144.53,0.0
0.56,-1.11,1481041144.57,3.14159265359
0.56,-1.11,1481041144.57,3.14159265359
0.56,-1.11,1481041144.61,3.14159265359
0.56,-1.11,1481041144.61,0.0
0.56,-1.1,1481041144.65,0.0
0.57,-1.1,1481041144.65,0.0
0.57,-1.1,1481041144.69,0.0
0.57,-1.1,1481041144.69,0.0
0.57,-1.1,1481041144.73,0.0
0.57,-1.1,1481041144.74,0.0
0.57,-1.1,1481041144.78,3.14159265359
0.57,-1.1,1481041144.78,3.14159265359
0.57,-1.1,1481041144.79,3.14159265359
0.57,-1.1,1481041144.82,3.14159265359
0.57,-1.1,1481041144.82,3.14159265359
0.57,-1.1,1481041144.83,0.0
0.57,-1.1,1481041144.85,0.0
0.57,-1.1,1481041144.89,0.0
0.57,-1.1,1481041144.93,0.0
0.57,-1.1,1481041144.93,0.0
0.57,-1.1,1481041144.97,0.0
0.57,-1.1,1481041144.97,0.0
0.57,-1.1,1481041145.01,0.0
0.57,-1.11,1481041145.01,0.0
0.57,-1.11,1481041145.05,0.0
0.57,-1.11,1481041145.05,0.0
0.57,-1.11,1481041145.09,0.0
0.57,-1.11,1481041145.09,0.0
0.57,-1.1,1481041145.13,0.0
0.57,-1.1,1481041145.13,0.0
0.57,-1.1,1481041145.17,0.0
0.57,-1.1,1481041145.17,0.0
0.57,-1.1,1481041145.21,0.0
0.57,-1.1,1481041145.21,0.0
0.57,-1.1,1481041145.25,0.0
0.57,-1.1,1481041145.25,0.0
0.57,-1.1,1481041145.29,0.0
0.57,-1.1,1481041145.29,0.0
0.57,-1.1,1481041145.33,0.0
0.57,-1.1,1481041145.33,0.0
0.57,-1.1,1481041145.37,0.0
0.57,-1.1,1481041145.37,0.0
0.57,-1.1,1481041145.41,0.0
0.57,-1.1,1481041145.41,0.0
0.57,-1.1,1481041145.45,0.0
0.57,-1.1,1481041145.45,0.0
0.57,-1.1,1481041145.49,0.0
0.57,-1.1,1481041145.49,0.0
0.57,-1.1,1481041145.53,0.0
0.57,-1.1,1481041145.53,0.0
0.57,-1.1,1481041145.57,0.0
0.57,-1.1,1481041145.57,0.0
0.57,-1.1,1481041145.61,0.0
0.57,-1.1,1481041145.61,0.0
0.57,-1.1,1481041145.65,0.0
0.57,-1.1,1481041145.65,0.0
0.57,-1.1,1481041145.69,0.0
0.57,-1.1,1481041145.69,0.0
0.57,-1.1,1481041145.73,0.0
0.57,-1.1,1481041145.73,0.0
0.57,-1.1,1481041145.77,0.0
0.57,-1.1,1481041145.77,0.0
0.57,-1.1,1481041145.81,0.0
0.57,-1.1,1481041145.81,0.0
0.57,-1.1,1481041145.85,0.0
0.57,-1.1,1481041145.85,0.0
0.57,-1.1,1481041145.89,0.0
0.57,-1.1,1481041145.89,0.0
0.57,-1.1,1481041145.93,0.0
0.57,-1.1,1481041145.93,0.0
0.57,-1.1,1481041145.97,0.0
0.57,-1.1,1481041145.97,0.0
0.57,-1.1,1481041146.01,0.0
0.57,-1.1,1481041146.02,0.0
0.57,-1.1,1481041146.06,0.0
0.57,-1.1,1481041146.07,0.0
0.57,-1.1,1481041146.07,0.0
0.57,-1.1,1481041146.1,0.0
0.57,-1.1,1481041146.1,0.0
0.57,-1.1,1481041146.11,0.0
0.57,-1.1,1481041146.13,0.0
0.57,-1.1,1481041146.17,0.0
0.57,-1.1,1481041146.21,0.0
0.57,-1.1,1481041146.21,0.0
0.57,-1.1,1481041146.25,0.0
0.57,-1.1,1481041146.25,0.0
0.57,-1.1,1481041146.29,0.0
0.57,-1.1,1481041146.29,0.0
0.57,-1.1,1481041146.33,0.0
0.57,-1.1,1481041146.33,0.0
0.57,-1.1,1481041146.37,0.0
0.57,-1.1,1481041146.37,0.0
0.57,-1.1,1481041146.41,0.0
0.57,-1.1,1481041146.41,0.0
0.57,-1.1,1481041146.45,0.0
0.57,-1.1,1481041146.45,0.0
0.57,-1.1,1481041146.49,0.0
0.57,-1.1,1481041146.49,0.0
0.57,-1.1,1481041146.53,0.0
0.57,-1.1,1481041146.53,0.0
0.57,-1.1,1481041146.57,0.0
0.57,-1.1,1481041146.57,0.0
0.57,-1.1,1481041146.61,0.0
0.57,-1.1,1481041146.61,0.0
0.57,-1.1,1481041146.65,0.0
0.57,-1.1,1481041146.65,0.0
0.57,-1.1,1481041146.69,0.0
0.57,-1.1,1481041146.69,0.0
0.57,-1.1,1481041146.73,0.0
0.57,-1.1,1481041146.73,0.0
0.57,-1.1,1481041146.77,0.0
0.57,-1.1,1481041146.77,0.0
0.57,-1.1,1481041146.81,0.0
0.57,-1.1,1481041146.81,0.0
0.57,-1.1,1481041146.85,0.0
0.57,-1.1,1481041146.85,0.0
0.57,-1.1,1481041146.89,0.0
0.57,-1.1,1481041146.89,0.0
0.57,-1.1,1481041146.93,0.0
0.57,-1.1,1481041146.93,0.0
0.57,-1.1,1481041146.97,0.0
0.57,-1.1,1481041146.97,3.14159265359
0.57,-1.1,1481041146.97,3.14159265359
0.57,-1.1,1481041147.02,3.14159265359
0.57,-1.1,1481041147.02,0.0
0.57,-1.1,1481041147.03,0.0
0.57,-1.1,1481041147.05,0.0
0.57,-1.1,1481041147.09,0.0
0.57,-1.09,1481041147.13,0.0
0.57,-1.09,1481041147.13,0.0
0.57,-1.09,1481041147.17,0.0
0.58,-1.09,1481041147.17,0.0
0.58,-1.08,1481041147.21,0.0
0.58,-1.08,1481041147.21,0.0
0.58,-1.08,1481041147.25,0.0
0.58,-1.08,1481041147.25,0.0
0.59,-1.08,1481041147.29,0.0
0.59,-1.08,1481041147.3,0.0
0.6,-1.08,1481041147.34,0.0
0.6,-1.07,1481041147.34,0.0
0.6,-1.07,1481041147.34,0.0
0.61,-1.07,1481041147.38,0.0
0.61,-1.07,1481041147.38,0.0
0.61,-1.07,1481041147.39,0.0
0.61,-1.07,1481041147.41,0.0
0.61,-1.07,1481041147.45,0.0
0.61,-1.07,1481041147.45,0.0
0.62,-1.07,1481041147.49,0.0
0.62,-1.07,1481041147.49,0.0
0.62,-1.07,1481041147.53,0.0
0.62,-1.07,1481041147.55,0.0
0.62,-1.07,1481041147.58,0.0
0.62,-1.07,1481041147.58,0.0
0.62,-1.07,1481041147.62,0.0
0.63,-1.07,1481041147.62,0.0
0.63,-1.07,1481041147.66,0.0
0.63,-1.07,1481041147.66,0.0
0.63,-1.07,1481041147.7,0.0
0.63,-1.07,1481041147.7,0.0
0.63,-1.07,1481041147.74,0.0
0.63,-1.07,1481041147.74,0.0
0.64,-1.07,1481041147.78,0.0
0.64,-1.07,1481041147.78,0.0
0.64,-1.07,1481041147.82,0.0
0.64,-1.07,1481041147.82,0.0
0.64,-1.07,1481041147.86,0.0
0.64,-1.07,1481041147.87,0.0
0.64,-1.07,1481041147.9,0.0
0.64,-1.07,1481041147.9,0.0
0.64,-1.07,1481041147.94,0.0
0.65,-1.07,1481041147.94,0.0
0.65,-1.07,1481041147.98,0.0
0.65,-1.07,1481041147.98,0.0
0.65,-1.07,1481041148.02,0.0
0.65,-1.07,1481041148.02,0.0
0.66,-1.07,1481041148.06,0.0
0.66,-1.07,1481041148.07,0.0
0.66,-1.07,1481041148.1,0.0
0.66,-1.07,1481041148.1,0.0
0.67,-1.07,1481041148.14,0.0
0.67,-1.07,1481041148.14,0.0
0.67,-1.07,1481041148.18,0.0
0.68,-1.07,1481041148.18,0.0
0.68,-1.07,1481041148.22,0.0
0.68,-1.07,1481041148.22,0.0
0.69,-1.07,1481041148.26,0.0
0.69,-1.07,1481041148.26,0.0
0.69,-1.07,1481041148.3,0.0
0.7,-1.07,1481041148.3,0.0
0.7,-1.07,1481041148.34,0.0
0.7,-1.07,1481041148.34,0.0
0.71,-1.07,1481041148.38,0.0
0.71,-1.07,1481041148.38,0.0
0.71,-1.07,1481041148.42,0.0
0.72,-1.07,1481041148.43,0.0
0.72,-1.07,1481041148.47,0.0
0.72,-1.07,1481041148.47,0.0
0.73,-1.07,1481041148.51,0.0
0.73,-1.07,1481041148.51,0.0
0.73,-1.07,1481041148.55,0.0
0.74,-1.07,1481041148.55,0.0
0.74,-1.07,1481041148.59,0.0
0.74,-1.07,1481041148.59,0.0
0.75,-1.07,1481041148.63,0.0
0.75,-1.07,1481041148.63,0.0
0.76,-1.07,1481041148.67,0.0
0.76,-1.07,1481041148.67,0.0
0.76,-1.07,1481041148.71,0.0
0.77,-1.07,1481041148.71,0.0
0.77,-1.07,1481041148.75,0.0
0.77,-1.07,1481041148.75,0.0
0.78,-1.07,1481041148.79,0.0
0.78,-1.07,1481041148.79,0.0
0.79,-1.07,1481041148.83,0.0
0.79,-1.07,1481041148.83,0.0
0.79,-1.08,1481041148.87,0.0
0.8,-1.08,1481041148.87,0.0
0.8,-1.08,1481041148.91,0.0
0.81,-1.08,1481041148.91,0.0
0.81,-1.08,1481041148.95,0.0
0.82,-1.08,1481041148.95,0.0
0.82,-1.08,1481041148.99,0.0
0.83,-1.08,1481041148.99,0.0
0.83,-1.08,1481041149.03,0.0
0.83,-1.08,1481041149.03,0.0
0.84,-1.08,1481041149.07,0.0
0.84,-1.08,1481041149.07,0.0
0.85,-1.08,1481041149.11,0.0
0.85,-1.08,1481041149.11,0.0
0.86,-1.08,1481041149.15,0.0
0.86,-1.08,1481041149.15,0.0
0.87,-1.07,1481041149.19,0.0
0.87,-1.07,1481041149.19,0.0
0.88,-1.07,1481041149.23,0.0
0.88,-1.07,1481041149.23,0.0
0.89,-1.07,1481041149.27,0.0
0.89,-1.07,1481041149.27,0.0
0.9,-1.07,1481041149.31,0.0
0.9,-1.07,1481041149.31,0.0
0.91,-1.07,1481041149.35,0.0
0.91,-1.07,1481041149.35,0.0
0.92,-1.07,1481041149.39,0.0
0.92,-1.07,1481041149.39,0.0
0.93,-1.07,1481041149.43,0.0
0.93,-1.07,1481041149.43,0.0
0.94,-1.07,1481041149.47,0.0
0.94,-1.07,1481041149.47,0.0
0.95,-1.07,1481041149.51,0.0
0.95,-1.07,1481041149.51,0.0
0.96,-1.07,1481041149.55,0.0
0.96,-1.07,1481041149.55,0.0
0.97,-1.07,1481041149.59,0.0
0.97,-1.07,1481041149.59,0.0
0.98,-1.07,1481041149.63,0.0
0.98,-1.07,1481041149.63,0.0
0.99,-1.07,1481041149.67,0.0
0.99,-1.07,1481041149.67,0.0
1.0,-1.07,1481041149.71,0.0
1.0,-1.07,1481041149.71,0.0
1.01,-1.07,1481041149.75,0.0
1.01,-1.07,1481041149.75,0.0
1.01,-1.07,1481041149.79,0.0
1.02,-1.07,1481041149.79,0.0
1.02,-1.07,1481041149.83,0.0
1.03,-1.07,1481041149.83,0.0
1.03,-1.07,1481041149.87,0.0
1.04,-1.07,1481041149.87,0.0
1.04,-1.07,1481041149.91,0.0
1.05,-1.07,1481041149.91,0.0
1.05,-1.07,1481041149.95,0.0
1.06,-1.07,1481041149.95,0.0
1.06,-1.07,1481041149.99,0.0
1.07,-1.07,1481041149.99,0.0
1.07,-1.07,1481041150.03,0.0
1.07,-1.07,1481041150.03,0.0
1.08,-1.07,1481041150.07,0.0
1.08,-1.07,1481041150.07,0.0
1.09,-1.07,1481041150.11,0.0
1.09,-1.07,1481041150.11,0.0
1.1,-1.07,1481041150.15,0.0
1.1,-1.07,1481041150.15,0.0
1.1,-1.07,1481041150.19,0.0
1.11,-1.07,1481041150.19,0.0
1.11,-1.07,1481041150.23,0.0
1.12,-1.07,1481041150.23,0.0
1.12,-1.07,1481041150.27,0.0
1.13,-1.07,1481041150.27,0.0
1.13,-1.07,1481041150.31,0.0
1.14,-1.07,1481041150.31,0.0
1.14,-1.07,1481041150.35,0.0
1.15,-1.07,1481041150.35,0.0
1.15,-1.07,1481041150.39,0.0
1.15,-1.07,1481041150.39,0.0
1.15,-1.08,1481041150.43,0.0
1.15,-1.08,1481041150.43,0.0
1.16,-1.08,1481041150.47,0.0
1.16,-1.08,1481041150.47,0.0
1.17,-1.08,1481041150.51,0.0
1.18,-1.07,1481041150.51,0.0
1.18,-1.07,1481041150.55,0.0
1.18,-1.07,1481041150.55,0.0
1.19,-1.07,1481041150.59,0.0
1.19,-1.07,1481041150.59,0.0
1.19,-1.06,1481041150.63,0.0
1.19,-1.06,1481041150.63,0.0
1.19,-1.06,1481041150.67,3.14159265359
1.19,-1.06,1481041150.67,3.14159265359
1.19,-1.05,1481041150.71,3.14159265359
1.19,-1.05,1481041150.71,3.14159265359
1.19,-1.05,1481041150.75,3.14159265359
1.19,-1.05,1481041150.75,3.14159265359
1.19,-1.04,1481041150.79,3.14159265359
1.19,-1.04,1481041150.79,3.14159265359
1.18,-1.04,1481041150.83,3.14159265359
1.18,-1.04,1481041150.83,3.14159265359
1.18,-1.03,1481041150.87,3.14159265359
1.18,-1.03,1481041150.87,3.14159265359
1.18,-1.03,1481041150.91,0.0
1.18,-1.03,1481041150.91,0.0
1.18,-1.03,1481041150.95,0.0
1.18,-1.03,1481041150.95,0.0
1.18,-1.02,1481041150.99,0.0
1.18,-1.02,1481041150.99,0.0
1.19,-1.02,1481041151.03,0.0
1.19,-1.02,1481041151.03,0.0
1.19,-1.02,1481041151.07,0.0
1.19,-1.02,1481041151.07,0.0
1.19,-1.02,1481041151.11,0.0
1.19,-1.02,1481041151.11,3.14159265359
1.19,-1.02,1481041151.15,0.0
1.19,-1.02,1481041151.16,0.0
1.19,-1.02,1481041151.2,0.0
1.19,-1.02,1481041151.2,0.0
1.19,-1.02,1481041151.2,0.0
1.19,-1.02,1481041151.24,3.14159265359
1.19,-1.02,1481041151.24,3.14159265359
1.19,-1.02,1481041151.25,3.14159265359
1.19,-1.02,1481041151.27,3.14159265359
1.19,-1.02,1481041151.31,3.14159265359
1.19,-1.02,1481041151.35,0.0
1.19,-1.01,1481041151.35,3.14159265359
1.19,-1.01,1481041151.39,3.14159265359
1.19,-1.01,1481041151.39,3.14159265359
1.19,-1.01,1481041151.43,3.14159265359
1.19,-1.01,1481041151.43,3.14159265359
1.19,-1.01,1481041151.47,3.14159265359
1.19,-1.01,1481041151.47,3.14159265359
1.19,-1.01,1481041151.51,3.14159265359
1.19,-1.01,1481041151.51,3.14159265359
1.19,-1.01,1481041151.55,3.14159265359
1.19,-1.01,1481041151.55,3.14159265359
1.19,-1.01,1481041151.59,3.14159265359
1.19,-1.01,1481041151.59,3.14159265359
1.19,-1.01,1481041151.63,3.14159265359
1.19,-1.01,1481041151.63,3.14159265359
1.19,-1.01,1481041151.67,0.0
1.19,-1.01,1481041151.67,0.0
1.19,-1.01,1481041151.71,0.0
1.19,-1.01,1481041151.71,0.0
1.19,-1.01,1481041151.75,0.0
1.19,-1.01,1481041151.75,0.0
1.19,-1.01,1481041151.79,0.0
1.19,-1.01,1481041151.79,0.0
1.19,-1.01,1481041151.83,0.0
1.19,-1.01,1481041151.83,0.0
1.19,-1.01,1481041151.87,0.0
1.19,-1.01,1481041151.87,0.0
1.19,-1.01,1481041151.91,0.0
1.19,-1.01,1481041151.91,0.0
1.19,-1.01,1481041151.95,0.0
1.19,-1.01,1481041151.95,0.0
1.19,-1.01,1481041151.99,0.0
1.19,-1.01,1481041151.99,0.0
1.19,-1.01,1481041151.99,0.0
1.19,-1.01,1481041152.03,0.0
1.19,-1.01,1481041152.03,0.0
1.19,-1.01,1481041152.07,0.0
1.19,-1.01,1481041152.07,0.0
1.19,-1.01,1481041152.11,0.0
1.19,-1.01,1481041152.11,0.0
1.19,-1.01,1481041152.15,0.0
1.19,-1.01,1481041152.15,0.0
1.19,-1.01,1481041152.19,0.0
1.19,-1.01,1481041152.19,0.0
1.19,-1.01,1481041152.23,0.0
1.19,-1.01,1481041152.23,0.0
1.19,-1.01,1481041152.27,0.0
1.19,-1.01,1481041152.27,0.0
1.19,-1.01,1481041152.31,0.0
1.19,-1.01,1481041152.31,0.0
1.19,-1.01,1481041152.35,0.0
1.19,-1.01,1481041152.35,0.0
1.19,-1.01,1481041152.39,0.0
1.19,-1.01,1481041152.42,0.0
1.19,-1.01,1481041152.46,0.0
1.19,-1.01,1481041152.46,0.0
1.19,-1.01,1481041152.46,0.0
1.19,-1.01,1481041152.5,0.0
1.19,-1.01,1481041152.5,0.0
1.19,-1.01,1481041152.51,0.0
1.19,-1.01,1481041152.53,0.0
1.19,-1.01,1481041152.57,0.0
1.19,-1.01,1481041152.61,0.0
1.19,-1.01,1481041152.61,0.0
1.19,-1.01,1481041152.61,0.0
1.19,-1.01,1481041152.65,0.0
1.19,-1.01,1481041152.65,0.0
1.19,-1.01,1481041152.7,0.0
1.19,-1.01,1481041152.7,0.0
1.19,-1.01,1481041152.74,0.0
1.19,-1.01,1481041152.74,0.0
1.19,-1.01,1481041152.78,0.0
1.19,-1.01,1481041152.78,0.0
1.19,-1.01,1481041152.82,0.0
1.19,-1.01,1481041152.82,0.0
1.19,-1.01,1481041152.86,0.0
1.19,-1.01,1481041152.86,0.0
1.19,-1.01,1481041152.9,0.0
1.19,-1.01,1481041152.9,0.0
1.19,-1.01,1481041152.94,0.0
1.19,-1.01,1481041152.94,0.0
1.19,-1.01,1481041152.98,0.0
1.19,-1.01,1481041152.98,0.0
1.19,-1.01,1481041153.02,0.0
1.19,-1.01,1481041153.02,0.0
1.19,-1.01,1481041153.06,0.0
1.19,-1.01,1481041153.06,0.0
1.19,-1.01,1481041153.1,0.0
1.19,-1.01,1481041153.1,0.0
1.19,-1.01,1481041153.14,0.0
1.19,-1.01,1481041153.14,0.0
1.19,-1.01,1481041153.18,3.14159265359
1.19,-1.01,1481041153.18,3.14159265359
1.19,-1.01,1481041153.22,0.0
1.18,-1.02,1481041153.22,3.14159265359
1.18,-1.02,1481041153.26,3.14159265359
1.18,-1.02,1481041153.26,3.14159265359
1.18,-1.02,1481041153.3,3.14159265359
1.18,-1.02,1481041153.3,3.14159265359
1.18,-1.02,1481041153.34,3.14159265359
1.18,-1.02,1481041153.34,0.0
1.18,-1.02,1481041153.38,0.0
1.18,-1.02,1481041153.38,3.14159265359
1.18,-1.02,1481041153.42,3.14159265359
1.18,-1.02,1481041153.42,3.14159265359
1.18,-1.02,1481041153.46,3.14159265359
1.18,-1.02,1481041153.46,3.14159265359
1.18,-1.02,1481041153.5,3.14159265359
1.18,-1.02,1481041153.5,3.14159265359
1.17,-1.02,1481041153.54,3.14159265359
1.17,-1.03,1481041153.54,3.14159265359
1.17,-1.03,1481041153.58,3.14159265359
1.16,-1.03,1481041153.58,3.14159265359
1.16,-1.03,1481041153.62,3.14159265359
1.16,-1.04,1481041153.62,0.0
1.16,-1.04,1481041153.66,0.0
1.16,-1.04,1481041153.66,3.14159265359
1.16,-1.04,1481041153.7,3.14159265359
1.16,-1.05,1481041153.71,3.14159265359
1.16,-1.05,1481041153.74,3.14159265359
1.16,-1.05,1481041153.74,3.14159265359
1.16,-1.06,1481041153.78,3.14159265359
1.16,-1.06,1481041153.78,3.14159265359
1.16,-1.06,1481041153.82,3.14159265359
1.16,-1.06,1481041153.82,3.14159265359
1.16,-1.07,1481041153.86,3.14159265359
1.16,-1.07,1481041153.86,3.14159265359
1.16,-1.07,1481041153.9,3.14159265359
1.15,-1.08,1481041153.9,3.14159265359
1.15,-1.08,1481041153.94,3.14159265359
1.15,-1.08,1481041153.94,3.14159265359
1.15,-1.08,1481041153.98,3.14159265359
1.15,-1.09,1481041153.98,3.14159265359
1.15,-1.09,1481041154.02,3.14159265359
1.15,-1.09,1481041154.02,3.14159265359
1.15,-1.09,1481041154.06,3.14159265359
1.15,-1.1,1481041154.06,0.0
1.15,-1.1,1481041154.1,3.14159265359
1.15,-1.1,1481041154.1,3.14159265359
1.15,-1.1,1481041154.14,3.14159265359
1.15,-1.1,1481041154.14,3.14159265359
1.15,-1.1,1481041154.18,3.14159265359
1.15,-1.1,1481041154.18,3.14159265359
1.15,-1.1,1481041154.22,3.14159265359
1.15,-1.11,1481041154.22,3.14159265359
1.15,-1.11,1481041154.26,3.14159265359
1.15,-1.11,1481041154.26,3.14159265359
1.15,-1.11,1481041154.3,3.14159265359
1.15,-1.11,1481041154.3,3.14159265359
1.15,-1.11,1481041154.34,3.14159265359
1.15,-1.11,1481041154.34,3.14159265359
1.15,-1.11,1481041154.38,3.14159265359
1.15,-1.11,1481041154.38,3.14159265359
1.15,-1.12,1481041154.42,3.14159265359
1.15,-1.12,1481041154.42,3.14159265359
1.15,-1.12,1481041154.46,3.14159265359
1.15,-1.12,1481041154.46,3.14159265359
1.15,-1.12,1481041154.5,3.14159265359
1.15,-1.12,1481041154.5,3.14159265359
1.15,-1.12,1481041154.54,3.14159265359
1.15,-1.12,1481041154.54,3.14159265359
1.15,-1.12,1481041154.58,3.14159265359
1.15,-1.12,1481041154.58,3.14159265359
1.15,-1.12,1481041154.62,3.14159265359
1.15,-1.13,1481041154.62,3.14159265359
1.15,-1.13,1481041154.66,3.14159265359
1.14,-1.13,1481041154.66,3.14159265359
1.14,-1.13,1481041154.7,3.14159265359
1.14,-1.13,1481041154.7,3.14159265359
1.14,-1.13,1481041154.74,3.14159265359
1.14,-1.13,1481041154.74,3.14159265359
1.14,-1.14,1481041154.78,3.14159265359
1.14,-1.14,1481041154.79,3.14159265359
1.14,-1.14,1481041154.82,0.0
1.14,-1.14,1481041154.82,0.0
1.14,-1.15,1481041154.86,0.0
1.14,-1.15,1481041154.86,0.0
1.14,-1.15,1481041154.9,0.0
1.14,-1.16,1481041154.9,0.0
1.14,-1.16,1481041154.94,0.0
1.15,-1.16,1481041154.94,0.0
1.15,-1.17,1481041154.99,0.0
1.15,-1.17,1481041155.0,0.0
1.15,-1.17,1481041155.04,0.0
1.15,-1.18,1481041155.04,0.0
1.15,-1.18,1481041155.04,0.0
1.15,-1.18,1481041155.08,0.0
1.15,-1.19,1481041155.08,0.0
1.15,-1.19,1481041155.09,0.0
1.15,-1.19,1481041155.11,3.14159265359
1.15,-1.2,1481041155.15,3.14159265359
1.15,-1.2,1481041155.19,3.14159265359
1.15,-1.2,1481041155.19,3.14159265359
1.15,-1.21,1481041155.23,3.14159265359
1.15,-1.21,1481041155.23,3.14159265359
1.15,-1.21,1481041155.27,3.14159265359
1.15,-1.22,1481041155.27,3.14159265359
1.15,-1.22,1481041155.31,3.14159265359
1.15,-1.23,1481041155.31,3.14159265359
1.15,-1.23,1481041155.35,0.0
1.15,-1.24,1481041155.35,3.14159265359
1.15,-1.24,1481041155.39,3.14159265359
1.15,-1.24,1481041155.39,3.14159265359
1.15,-1.25,1481041155.43,0.0
1.15,-1.25,1481041155.43,0.0
1.15,-1.26,1481041155.47,0.0
1.15,-1.26,1481041155.47,0.0
1.15,-1.27,1481041155.51,0.0
1.15,-1.27,1481041155.51,3.14159265359
1.15,-1.28,1481041155.55,3.14159265359
1.15,-1.28,1481041155.55,3.14159265359
1.15,-1.29,1481041155.59,3.14159265359
1.15,-1.29,1481041155.59,3.14159265359
1.15,-1.3,1481041155.63,3.14159265359
1.15,-1.3,1481041155.63,3.14159265359
1.14,-1.3,1481041155.67,3.14159265359
1.14,-1.31,1481041155.67,3.14159265359
1.14,-1.31,1481041155.71,3.14159265359
1.14,-1.32,1481041155.71,3.14159265359
1.14,-1.32,1481041155.75,3.14159265359
1.14,-1.33,1481041155.75,0.0
1.14,-1.33,1481041155.79,0.0
1.14,-1.34,1481041155.79,0.0
1.14,-1.34,1481041155.83,0.0
1.14,-1.34,1481041155.83,0.0
1.14,-1.35,1481041155.87,0.0
1.15,-1.36,1481041155.87,0.0
1.15,-1.36,1481041155.91,0.0
1.15,-1.36,1481041155.91,0.0
1.15,-1.37,1481041155.95,0.0
1.15,-1.37,1481041155.95,0.0
1.15,-1.38,1481041155.99,0.0
1.15,-1.38,1481041155.99,0.0
1.15,-1.39,1481041156.03,0.0
1.15,-1.39,1481041156.03,0.0
1.15,-1.4,1481041156.07,0.0
1.15,-1.4,1481041156.07,0.0
1.15,-1.4,1481041156.11,0.0
1.15,-1.41,1481041156.11,0.0
1.15,-1.41,1481041156.15,0.0
1.15,-1.42,1481041156.15,0.0
1.15,-1.42,1481041156.19,3.14159265359
1.15,-1.43,1481041156.19,3.14159265359
1.15,-1.43,1481041156.23,3.14159265359
1.15,-1.44,1481041156.23,3.14159265359
1.15,-1.44,1481041156.27,3.14159265359
1.15,-1.45,1481041156.27,3.14159265359
1.15,-1.45,1481041156.31,3.14159265359
1.15,-1.46,1481041156.31,3.14159265359
1.15,-1.46,1481041156.35,3.14159265359
1.15,-1.47,1481041156.35,3.14159265359
1.15,-1.47,1481041156.39,3.14159265359
1.15,-1.48,1481041156.39,3.14159265359
1.15,-1.48,1481041156.43,3.14159265359
1.15,-1.49,1481041156.43,3.14159265359
1.15,-1.49,1481041156.47,0.0
1.15,-1.5,1481041156.47,0.0
1.15,-1.5,1481041156.51,0.0
1.15,-1.51,1481041156.51,0.0
1.15,-1.51,1481041156.55,0.0
1.15,-1.52,1481041156.55,0.0
1.15,-1.52,1481041156.59,0.0
1.15,-1.53,1481041156.59,0.0
1.15,-1.53,1481041156.63,0.0
1.15,-1.54,1481041156.63,0.0
1.15,-1.54,1481041156.67,0.0
1.15,-1.55,1481041156.67,0.0
1.15,-1.55,1481041156.71,0.0
1.15,-1.56,1481041156.71,0.0
1.15,-1.56,1481041156.75,0.0
1.15,-1.57,1481041156.75,0.0
1.15,-1.57,1481041156.79,0.0
1.15,-1.58,1481041156.79,0.0
1.15,-1.58,1481041156.83,0.0
1.15,-1.59,1481041156.83,0.0
1.15,-1.59,1481041156.87,0.0
1.15,-1.6,1481041156.87,0.0
1.15,-1.6,1481041156.91,3.14159265359
1.15,-1.61,1481041156.91,3.14159265359
1.15,-1.61,1481041156.95,3.14159265359
1.15,-1.62,1481041156.95,0.0
1.15,-1.63,1481041156.99,0.0
1.15,-1.63,1481041156.99,0.0
1.15,-1.64,1481041157.03,0.0
1.15,-1.64,1481041157.03,0.0
1.15,-1.65,1481041157.07,0.0
1.15,-1.65,1481041157.07,0.0
1.15,-1.66,1481041157.11,0.0
1.15,-1.66,1481041157.11,0.0
1.15,-1.67,1481041157.15,3.14159265359
1.15,-1.67,1481041157.15,0.0
1.15,-1.68,1481041157.19,0.0
1.15,-1.68,1481041157.19,0.0
1.15,-1.69,1481041157.23,0.0
1.15,-1.69,1481041157.23,0.0
1.15,-1.7,1481041157.27,0.0
1.15,-1.71,1481041157.27,0.0
1.15,-1.71,1481041157.31,0.0
1.15,-1.72,1481041157.31,0.0
1.15,-1.72,1481041157.35,3.14159265359
1.15,-1.73,1481041157.35,3.14159265359
1.15,-1.73,1481041157.39,3.14159265359
1.15,-1.74,1481041157.39,3.14159265359
1.15,-1.74,1481041157.43,3.14159265359
1.15,-1.75,1481041157.43,3.14159265359
1.15,-1.75,1481041157.47,0.0
1.15,-1.76,1481041157.47,0.0
1.15,-1.76,1481041157.51,0.0
1.15,-1.77,1481041157.51,0.0
1.15,-1.77,1481041157.55,0.0
1.15,-1.78,1481041157.56,0.0
1.15,-1.78,1481041157.6,0.0
1.15,-1.79,1481041157.6,0.0
1.15,-1.79,1481041157.6,0.0
1.16,-1.8,1481041157.64,0.0
1.16,-1.8,1481041157.64,0.0
1.16,-1.81,1481041157.65,0.0
1.16,-1.81,1481041157.67,0.0
1.16,-1.82,1481041157.71,0.0
1.16,-1.82,1481041157.75,0.0
1.16,-1.82,1481041157.75,0.0
1.16,-1.83,1481041157.79,0.0
1.16,-1.83,1481041157.79,0.0
1.16,-1.83,1481041157.83,0.0
1.16,-1.84,1481041157.83,0.0
1.16,-1.84,1481041157.87,3.14159265359
1.16,-1.84,1481041157.87,3.14159265359
1.16,-1.85,1481041157.91,3.14159265359
1.16,-1.85,1481041157.91,3.14159265359
1.16,-1.86,1481041157.95,3.14159265359
1.16,-1.86,1481041157.95,3.14159265359
1.16,-1.86,1481041157.99,3.14159265359
1.16,-1.87,1481041157.99,3.14159265359
1.16,-1.87,1481041158.03,3.14159265359
1.16,-1.87,1481041158.03,3.14159265359
1.16,-1.88,1481041158.07,0.0
1.16,-1.88,1481041158.07,0.0
1.16,-1.89,1481041158.11,0.0
1.16,-1.89,1481041158.11,0.0
1.16,-1.89,1481041158.15,0.0
1.16,-1.9,1481041158.15,0.0
1.16,-1.9,1481041158.19,0.0
1.16,-1.91,1481041158.19,0.0
1.16,-1.91,1481041158.23,3.14159265359
1.16,-1.91,1481041158.23,3.14159265359
1.16,-1.92,1481041158.27,0.0
1.16,-1.92,1481041158.27,0.0
1.16,-1.93,1481041158.31,0.0
1.16,-1.93,1481041158.31,0.0
1.16,-1.93,1481041158.35,0.0
1.16,-1.94,1481041158.35,0.0
1.16,-1.94,1481041158.39,3.14159265359
1.16,-1.95,1481041158.39,3.14159265359
1.16,-1.95,1481041158.43,3.14159265359
1.16,-1.96,1481041158.43,3.14159265359
1.16,-1.96,1481041158.47,3.14159265359
1.16,-1.97,1481041158.47,3.14159265359
1.15,-1.97,1481041158.51,3.14159265359
1.15,-1.97,1481041158.51,3.14159265359
1.15,-1.97,1481041158.55,3.14159265359
1.15,-1.98,1481041158.55,3.14159265359
1.15,-1.98,1481041158.59,3.14159265359
1.15,-1.98,1481041158.59,3.14159265359
1.15,-1.98,1481041158.63,3.14159265359
1.15,-1.98,1481041158.63,3.14159265359
1.15,-1.98,1481041158.67,3.14159265359
1.14,-1.97,1481041158.67,3.14159265359
1.14,-1.97,1481041158.71,3.14159265359
1.14,-1.98,1481041158.71,0.0
1.14,-1.98,1481041158.75,0.0
1.14,-1.98,1481041158.75,0.0
1.14,-1.98,1481041158.79,0.0
1.14,-1.98,1481041158.79,0.0
1.14,-1.98,1481041158.83,0.0
1.14,-1.98,1481041158.83,0.0
1.14,-1.99,1481041158.87,3.14159265359
1.14,-1.99,1481041158.87,3.14159265359
1.14,-1.99,1481041158.91,3.14159265359
1.14,-1.99,1481041158.91,3.14159265359
1.14,-1.99,1481041158.95,3.14159265359
1.14,-1.99,1481041158.95,3.14159265359
1.14,-1.99,1481041158.99,3.14159265359
1.14,-1.99,1481041158.99,3.14159265359
1.14,-2.0,1481041159.03,0.0
1.14,-2.0,1481041159.03,0.0
1.14,-2.0,1481041159.07,0.0
1.14,-2.0,1481041159.07,3.14159265359
1.14,-2.0,1481041159.11,3.14159265359
1.14,-2.0,1481041159.11,3.14159265359
1.14,-2.0,1481041159.15,0.0
1.14,-2.0,1481041159.15,0.0
1.14,-2.0,1481041159.19,0.0
1.14,-2.0,1481041159.19,0.0
1.14,-2.0,1481041159.23,0.0
1.14,-2.0,1481041159.23,0.0
1.14,-2.0,1481041159.27,0.0
1.14,-2.0,1481041159.27,0.0
1.14,-2.0,1481041159.31,0.0
1.14,-2.0,1481041159.31,0.0
1.14,-2.0,1481041159.35,0.0
1.14,-2.0,1481041159.35,0.0
1.14,-2.0,1481041159.39,0.0
1.14,-2.0,1481041159.39,0.0
1.14,-2.0,1481041159.43,0.0
1.14,-2.0,1481041159.43,0.0
1.14,-2.0,1481041159.47,0.0
1.14,-2.0,1481041159.47,0.0
1.14,-2.0,1481041159.51,0.0
1.14,-2.0,1481041159.51,0.0
1.14,-2.0,1481041159.55,0.0
1.14,-2.0,1481041159.55,0.0
1.14,-2.0,1481041159.59,0.0
1.14,-2.0,1481041159.59,0.0
1.14,-2.0,1481041159.63,0.0
1.14,-2.0,1481041159.63,0.0
1.14,-2.0,1481041159.67,0.0
1.14,-2.0,1481041159.67,0.0
1.14,-2.0,1481041159.71,0.0
1.14,-2.0,1481041159.71,0.0
1.14,-2.0,1481041159.75,0.0
1.14,-2.0,1481041159.75,0.0
1.14,-2.0,1481041159.79,0.0
1.14,-2.0,1481041159.79,0.0
1.14,-2.0,1481041159.83,0.0
1.14,-2.0,1481041159.83,0.0
1.14,-2.0,1481041159.87,0.0
1.14,-2.0,1481041159.87,0.0
1.14,-2.0,1481041159.91,0.0
1.14,-2.0,1481041159.91,0.0
1.14,-2.0,1481041159.95,0.0
1.14,-2.0,1481041159.95,0.0
1.14,-2.0,1481041159.99,0.0
1.14,-2.0,1481041159.99,0.0
1.14,-2.0,1481041160.03,0.0
1.14,-2.0,1481041160.03,0.0
1.14,-2.0,1481041160.07,0.0
1.14,-2.0,1481041160.07,0.0
1.14,-2.0,1481041160.11,0.0
1.14,-2.0,1481041160.11,0.0
1.14,-2.0,1481041160.15,0.0
1.14,-2.0,1481041160.15,0.0
1.14,-2.0,1481041160.19,0.0
1.14,-2.0,1481041160.19,0.0
1.14,-2.0,1481041160.23,0.0
1.14,-2.0,1481041160.23,0.0
1.14,-2.0,1481041160.27,0.0
1.14,-2.0,1481041160.27,0.0
1.14,-2.0,1481041160.31,0.0
1.14,-2.0,1481041160.31,0.0
1.14,-2.0,1481041160.35,0.0
1.14,-2.0,1481041160.35,0.0
1.14,-2.0,1481041160.39,0.0
1.14,-2.0,1481041160.39,0.0
1.14,-2.0,1481041160.43,0.0
1.14,-2.0,1481041160.43,0.0
1.14,-2.0,1481041160.47,0.0
1.14,-2.0,1481041160.47,0.0
1.14,-2.0,1481041160.51,0.0
1.14,-2.0,1481041160.51,0.0
1.14,-2.0,1481041160.55,0.0
1.14,-2.0,1481041160.55,0.0
1.14,-2.0,1481041160.59,0.0
1.14,-2.0,1481041160.59,0.0
1.14,-2.0,1481041160.63,0.0
1.14,-2.0,1481041160.63,0.0
1.14,-2.0,1481041160.67,0.0
1.14,-2.0,1481041160.67,0.0
1.14,-2.0,1481041160.71,0.0
1.14,-2.0,1481041160.71,0.0
1.14,-2.0,1481041160.75,0.0
1.14,-2.0,1481041160.75,0.0
1.14,-2.0,1481041160.79,0.0
1.14,-2.0,1481041160.79,0.0
1.14,-2.0,1481041160.83,0.0
1.14,-2.0,1481041160.83,0.0
1.14,-2.0,1481041160.87,0.0
1.14,-2.0,1481041160.87,0.0
1.14,-2.0,1481041160.91,0.0
1.14,-2.0,1481041160.91,0.0
1.14,-2.0,1481041160.95,0.0
1.14,-2.0,1481041160.95,0.0
1.14,-2.0,1481041160.99,0.0
1.14,-2.0,1481041160.99,0.0
1.14,-2.0,1481041161.03,0.0
1.14,-2.0,1481041161.03,0.0
1.14,-2.0,1481041161.07,0.0
1.14,-2.0,1481041161.07,0.0
1.14,-2.0,1481041161.11,0.0
1.14,-2.0,1481041161.11,0.0
1.14,-2.0,1481041161.15,0.0
1.14,-2.0,1481041161.15,0.0
1.14,-2.0,1481041161.19,0.0
1.14,-2.0,1481041161.19,0.0
1.14,-2.0,1481041161.23,0.0
1.14,-2.0,1481041161.23,0.0
1.14,-2.0,1481041161.27,0.0
1.14,-2.0,1481041161.27,0.0
1.14,-2.0,1481041161.31,0.0
1.14,-2.0,1481041161.31,0.0
1.14,-2.0,1481041161.35,0.0
1.14,-2.0,1481041161.35,0.0
1.14,-2.0,1481041161.39,0.0
1.14,-2.0,1481041161.39,0.0
1.14,-2.0,1481041161.43,0.0
1.14,-2.0,1481041161.43,0.0
1.14,-2.0,1481041161.47,0.0
1.14,-2.0,1481041161.47,0.0
1.14,-2.0,1481041161.51,0.0
1.14,-2.0,1481041161.51,0.0
1.14,-2.0,1481041161.55,0.0
1.14,-2.0,1481041161.55,0.0
1.14,-2.0,1481041161.59,0.0
1.14,-2.0,1481041161.59,0.0
1.14,-2.0,1481041161.63,0.0
1.14,-2.0,1481041161.63,0.0
1.14,-2.0,1481041161.67,0.0
1.14,-2.0,1481041161.67,0.0
1.14,-2.0,1481041161.71,0.0
1.14,-2.0,1481041161.71,0.0
1.14,-2.0,1481041161.75,0.0
1.14,-2.0,1481041161.75,0.0
1.14,-2.0,1481041161.79,0.0
1.14,-2.0,1481041161.79,0.0
1.14,-2.0,1481041161.83,0.0
1.14,-2.0,1481041161.83,0.0
1.14,-2.0,1481041161.87,0.0
1.14,-2.0,1481041161.87,0.0
1.14,-2.0,1481041161.91,0.0
1.14,-2.0,1481041161.91,0.0
1.14,-2.0,1481041161.95,0.0
1.14,-2.0,1481041161.97,0.0
1.14,-2.0,1481041162.01,0.0
1.14,-2.0,1481041162.01,0.0
1.14,-2.0,1481041162.01,0.0
1.14,-2.0,1481041162.05,0.0
1.14,-2.0,1481041162.05,0.0
1.14,-2.0,1481041162.05,0.0
1.14,-2.0,1481041162.07,0.0
1.14,-2.0,1481041162.11,0.0
1.14,-2.0,1481041162.15,0.0
1.14,-2.0,1481041162.15,0.0
1.14,-2.0,1481041162.19,0.0
1.14,-2.0,1481041162.19,0.0
1.14,-2.0,1481041162.23,0.0
1.14,-2.0,1481041162.23,0.0
1.14,-2.0,1481041162.27,0.0
1.14,-2.0,1481041162.27,0.0
1.14,-2.0,1481041162.31,0.0
1.14,-2.0,1481041162.31,0.0
1.14,-2.0,1481041162.35,0.0
1.14,-2.0,1481041162.35,0.0
1.14,-2.0,1481041162.39,0.0
1.14,-2.0,1481041162.39,0.0
1.14,-2.0,1481041162.43,0.0
1.14,-2.0,1481041162.43,0.0
1.14,-2.0,1481041162.47,0.0
1.14,-2.0,1481041162.47,0.0
1.14,-2.0,1481041162.51,0.0
1.14,-2.0,1481041162.51,0.0
1.14,-2.0,1481041162.55,0.0
1.14,-2.0,1481041162.55,0.0
1.14,-2.0,1481041162.59,0.0
1.14,-2.0,1481041162.59,0.0
1.14,-2.01,1481041162.63,0.0
1.14,-2.01,1481041162.63,0.0
1.14,-2.01,1481041162.67,0.0
1.14,-2.01,1481041162.67,0.0
1.14,-2.01,1481041162.71,0.0
1.14,-2.01,1481041162.71,0.0
1.14,-2.01,1481041162.75,0.0
1.14,-2.01,1481041162.75,0.0
1.14,-2.01,1481041162.79,0.0
1.14,-2.01,1481041162.79,0.0
1.14,-2.01,1481041162.83,0.0
1.14,-2.01,1481041162.83,0.0
1.14,-2.01,1481041162.87,0.0
1.14,-2.01,1481041162.87,0.0
1.14,-2.01,1481041162.91,0.0
1.14,-2.01,1481041162.91,0.0
1.14,-2.01,1481041162.95,0.0
1.14,-2.01,1481041162.95,0.0
1.14,-2.01,1481041162.99,0.0
1.14,-2.01,1481041162.99,0.0
1.14,-2.01,1481041163.03,0.0
1.14,-2.01,1481041163.03,0.0
1.14,-2.01,1481041163.07,0.0
1.14,-2.01,1481041163.07,0.0
1.14,-2.01,1481041163.11,0.0
1.14,-2.01,1481041163.11,0.0
1.14,-2.01,1481041163.15,0.0
1.14,-2.01,1481041163.15,0.0
1.14,-2.01,1481041163.19,0.0
1.14,-2.01,1481041163.19,0.0
1.14,-2.01,1481041163.23,0.0
1.14,-2.01,1481041163.23,0.0
1.14,-2.01,1481041163.27,0.0
1.14,-2.01,1481041163.27,0.0
1.14,-2.01,1481041163.31,0.0
1.14,-2.01,1481041163.31,0.0
1.14,-2.01,1481041163.35,0.0
1.14,-2.01,1481041163.35,0.0
1.14,-2.01,1481041163.39,0.0
1.14,-2.01,1481041163.39,0.0
1.14,-2.01,1481041163.43,0.0
1.14,-2.01,1481041163.43,0.0
1.14,-2.01,1481041163.47,0.0
1.14,-2.01,1481041163.47,0.0
1.14,-2.01,1481041163.51,0.0
1.14,-2.01,1481041163.51,0.0
1.14,-2.01,1481041163.55,0.0
1.14,-2.01,1481041163.55,0.0
1.14,-2.01,1481041163.59,0.0
1.14,-2.01,1481041163.59,0.0
1.14,-2.01,1481041163.63,0.0
1.14,-2.01,1481041163.63,0.0
1.14,-2.01,1481041163.67,0.0
1.14,-2.01,1481041163.67,0.0
1.14,-2.01,1481041163.71,0.0
1.14,-2.01,1481041163.71,0.0
1.14,-2.01,1481041163.75,0.0
1.14,-2.01,1481041163.75,0.0
1.14,-2.01,1481041163.79,3.14159265359
1.14,-2.01,1481041163.79,3.14159265359
1.14,-2.01,1481041163.83,3.14159265359
1.14,-2.01,1481041163.83,3.14159265359
1.14,-2.0,1481041163.87,3.14159265359
1.14,-2.0,1481041163.87,3.14159265359
1.14,-2.0,1481041163.91,3.14159265359
1.14,-2.0,1481041163.91,3.14159265359
1.13,-2.0,1481041163.95,3.14159265359
1.13,-1.99,1481041163.95,3.14159265359
1.13,-1.99,1481041163.99,3.14159265359
1.13,-1.99,1481041163.99,3.14159265359
1.13,-1.99,1481041164.03,3.14159265359
1.13,-1.99,1481041164.03,3.14159265359
1.13,-1.99,1481041164.07,3.14159265359
1.12,-1.99,1481041164.07,3.14159265359
1.12,-1.98,1481041164.11,3.14159265359
1.12,-1.98,1481041164.11,3.14159265359
1.12,-1.98,1481041164.15,3.14159265359
1.12,-1.98,1481041164.15,3.14159265359
1.11,-1.98,1481041164.19,3.14159265359
1.11,-1.98,1481041164.19,3.14159265359
1.11,-1.98,1481041164.23,3.14159265359
1.11,-1.98,1481041164.23,3.14159265359
1.11,-1.98,1481041164.27,3.14159265359
1.11,-1.98,1481041164.27,3.14159265359
1.1,-1.98,1481041164.31,3.14159265359
1.1,-1.97,1481041164.31,3.14159265359
1.1,-1.97,1481041164.35,3.14159265359
1.1,-1.97,1481041164.35,3.14159265359
1.1,-1.97,1481041164.39,3.14159265359
1.09,-1.97,1481041164.39,3.14159265359
1.09,-1.97,1481041164.43,3.14159265359
1.09,-1.97,1481041164.43,3.14159265359
1.09,-1.97,1481041164.47,3.14159265359
1.09,-1.97,1481041164.47,3.14159265359
1.09,-1.97,1481041164.51,3.14159265359
1.09,-1.97,1481041164.51,3.14159265359
1.09,-1.97,1481041164.55,3.14159265359
1.08,-1.97,1481041164.55,3.14159265359
1.08,-1.97,1481041164.59,3.14159265359
1.08,-1.97,1481041164.59,3.14159265359
1.08,-1.97,1481041164.63,3.14159265359
1.08,-1.97,1481041164.63,3.14159265359
1.08,-1.97,1481041164.67,3.14159265359
1.08,-1.97,1481041164.67,3.14159265359
1.08,-1.97,1481041164.71,3.14159265359
1.08,-1.97,1481041164.71,3.14159265359
1.08,-1.97,1481041164.75,3.14159265359
1.08,-1.97,1481041164.75,3.14159265359
1.08,-1.97,1481041164.79,3.14159265359
1.08,-1.97,1481041164.79,3.14159265359
1.08,-1.97,1481041164.83,3.14159265359
1.08,-1.97,1481041164.83,3.14159265359
1.07,-1.97,1481041164.87,3.14159265359
1.07,-1.97,1481041164.87,3.14159265359
1.07,-1.97,1481041164.91,3.14159265359
1.07,-1.97,1481041164.91,3.14159265359
1.07,-1.97,1481041164.95,3.14159265359
1.07,-1.97,1481041164.95,3.14159265359
1.07,-1.97,1481041164.99,3.14159265359
1.07,-1.97,1481041164.99,3.14159265359
1.07,-1.97,1481041165.03,3.14159265359
1.07,-1.97,1481041165.03,3.14159265359
1.07,-1.97,1481041165.07,3.14159265359
1.07,-1.97,1481041165.07,3.14159265359
1.07,-1.97,1481041165.11,3.14159265359
1.07,-1.97,1481041165.11,3.14159265359
1.07,-1.97,1481041165.15,3.14159265359
1.07,-1.97,1481041165.15,3.14159265359
1.06,-1.96,1481041165.19,3.14159265359
1.06,-1.96,1481041165.19,3.14159265359
1.06,-1.96,1481041165.23,3.14159265359
1.06,-1.96,1481041165.23,3.14159265359
1.06,-1.96,1481041165.27,3.14159265359
1.06,-1.96,1481041165.27,3.14159265359
1.06,-1.96,1481041165.31,3.14159265359
1.06,-1.96,1481041165.32,3.14159265359
1.06,-1.96,1481041165.35,3.14159265359
1.05,-1.96,1481041165.35,3.14159265359
1.05,-1.96,1481041165.39,3.14159265359
1.05,-1.96,1481041165.39,3.14159265359
1.05,-1.96,1481041165.43,3.14159265359
1.05,-1.96,1481041165.43,3.14159265359
1.05,-1.96,1481041165.47,3.14159265359
1.04,-1.96,1481041165.47,3.14159265359
1.04,-1.96,1481041165.51,3.14159265359
1.04,-1.96,1481041165.51,3.14159265359
1.04,-1.96,1481041165.55,3.14159265359
1.04,-1.96,1481041165.55,3.14159265359
1.03,-1.96,1481041165.59,3.14159265359
1.03,-1.96,1481041165.59,3.14159265359
1.03,-1.96,1481041165.63,3.14159265359
1.02,-1.96,1481041165.63,3.14159265359
1.02,-1.96,1481041165.67,3.14159265359
1.02,-1.96,1481041165.67,3.14159265359
1.01,-1.96,1481041165.71,3.14159265359
1.01,-1.96,1481041165.71,3.14159265359
1.0,-1.96,1481041165.75,3.14159265359
1.0,-1.96,1481041165.75,3.14159265359
1.0,-1.96,1481041165.79,3.14159265359
0.99,-1.96,1481041165.79,3.14159265359
0.99,-1.96,1481041165.83,3.14159265359
0.98,-1.96,1481041165.83,3.14159265359
0.98,-1.96,1481041165.87,3.14159265359
0.97,-1.96,1481041165.87,3.14159265359
0.97,-1.96,1481041165.91,3.14159265359
0.96,-1.96,1481041165.91,3.14159265359
0.96,-1.96,1481041165.95,3.14159265359
0.95,-1.96,1481041165.95,3.14159265359
0.95,-1.96,1481041165.99,3.14159265359
0.95,-1.96,1481041165.99,3.14159265359
0.94,-1.96,1481041166.03,3.14159265359
0.94,-1.96,1481041166.03,3.14159265359
0.94,-1.96,1481041166.07,3.14159265359
0.93,-1.96,1481041166.07,3.14159265359
0.93,-1.96,1481041166.12,3.14159265359
0.92,-1.96,1481041166.12,3.14159265359
0.92,-1.96,1481041166.12,3.14159265359
0.92,-1.96,1481041166.16,3.14159265359
0.91,-1.96,1481041166.16,3.14159265359
0.91,-1.96,1481041166.17,3.14159265359
0.91,-1.96,1481041166.19,3.14159265359
0.9,-1.96,1481041166.23,3.14159265359
0.9,-1.96,1481041166.27,3.14159265359
0.9,-1.96,1481041166.27,3.14159265359
0.89,-1.96,1481041166.31,3.14159265359
0.89,-1.96,1481041166.31,3.14159265359
0.88,-1.96,1481041166.35,3.14159265359
0.88,-1.96,1481041166.35,3.14159265359
0.87,-1.96,1481041166.39,3.14159265359
0.87,-1.96,1481041166.39,3.14159265359
0.87,-1.96,1481041166.43,3.14159265359
0.86,-1.96,1481041166.43,3.14159265359
0.86,-1.96,1481041166.47,3.14159265359
0.86,-1.96,1481041166.47,3.14159265359
0.85,-1.96,1481041166.51,3.14159265359
0.85,-1.96,1481041166.51,3.14159265359
0.85,-1.96,1481041166.55,3.14159265359
0.84,-1.96,1481041166.55,3.14159265359
0.84,-1.96,1481041166.59,3.14159265359
0.84,-1.96,1481041166.59,3.14159265359
0.83,-1.96,1481041166.63,3.14159265359
0.83,-1.96,1481041166.63,3.14159265359
0.83,-1.96,1481041166.67,3.14159265359
0.82,-1.96,1481041166.67,3.14159265359
0.82,-1.96,1481041166.71,3.14159265359
0.82,-1.96,1481041166.71,3.14159265359
0.81,-1.96,1481041166.75,3.14159265359
0.81,-1.96,1481041166.75,3.14159265359
0.8,-1.96,1481041166.79,3.14159265359
0.8,-1.96,1481041166.79,3.14159265359
0.8,-1.96,1481041166.83,3.14159265359
0.79,-1.96,1481041166.83,3.14159265359
0.79,-1.96,1481041166.87,3.14159265359
0.78,-1.96,1481041166.87,3.14159265359
0.78,-1.96,1481041166.91,3.14159265359
0.77,-1.96,1481041166.91,3.14159265359
0.77,-1.96,1481041166.95,3.14159265359
0.76,-1.96,1481041166.95,3.14159265359
0.76,-1.96,1481041166.99,3.14159265359
0.75,-1.96,1481041166.99,3.14159265359
0.75,-1.96,1481041167.03,3.14159265359
0.74,-1.96,1481041167.03,3.14159265359
0.74,-1.96,1481041167.07,3.14159265359
0.73,-1.96,1481041167.07,3.14159265359
0.73,-1.96,1481041167.11,3.14159265359
0.72,-1.96,1481041167.11,3.14159265359
0.72,-1.96,1481041167.15,3.14159265359
0.71,-1.96,1481041167.15,3.14159265359
0.71,-1.96,1481041167.19,3.14159265359
0.71,-1.96,1481041167.19,3.14159265359
0.7,-1.96,1481041167.23,3.14159265359
0.7,-1.96,1481041167.23,3.14159265359
0.69,-1.96,1481041167.27,3.14159265359
0.69,-1.96,1481041167.27,3.14159265359
0.69,-1.96,1481041167.31,3.14159265359
0.68,-1.96,1481041167.31,3.14159265359
0.68,-1.96,1481041167.35,3.14159265359
0.68,-1.95,1481041167.35,3.14159265359
0.68,-1.95,1481041167.39,3.14159265359
0.67,-1.95,1481041167.39,3.14159265359
0.67,-1.95,1481041167.43,3.14159265359
0.67,-1.95,1481041167.43,3.14159265359
0.66,-1.95,1481041167.47,3.14159265359
0.66,-1.95,1481041167.47,3.14159265359
0.66,-1.95,1481041167.51,3.14159265359
0.65,-1.96,1481041167.51,3.14159265359
0.65,-1.96,1481041167.55,3.14159265359
0.64,-1.96,1481041167.55,3.14159265359
0.64,-1.96,1481041167.59,3.14159265359
0.64,-1.96,1481041167.59,3.14159265359
0.63,-1.96,1481041167.63,3.14159265359
0.63,-1.96,1481041167.63,3.14159265359
0.62,-1.96,1481041167.67,3.14159265359
0.62,-1.96,1481041167.67,3.14159265359
0.61,-1.96,1481041167.71,3.14159265359
0.61,-1.96,1481041167.71,3.14159265359
0.61,-1.96,1481041167.75,3.14159265359
0.6,-1.96,1481041167.75,3.14159265359
0.6,-1.96,1481041167.79,3.14159265359
0.6,-1.96,1481041167.79,3.14159265359
0.59,-1.96,1481041167.83,3.14159265359
0.59,-1.96,1481041167.83,3.14159265359
0.59,-1.96,1481041167.87,3.14159265359
0.58,-1.96,1481041167.87,3.14159265359
0.58,-1.96,1481041167.91,3.14159265359
0.57,-1.96,1481041167.91,3.14159265359
0.57,-1.96,1481041167.95,3.14159265359
0.57,-1.96,1481041167.95,3.14159265359
0.56,-1.96,1481041167.99,3.14159265359
0.56,-1.96,1481041167.99,3.14159265359
0.56,-1.96,1481041168.03,3.14159265359
0.56,-1.96,1481041168.03,3.14159265359
0.55,-1.96,1481041168.07,3.14159265359
0.55,-1.96,1481041168.07,3.14159265359
0.55,-1.96,1481041168.11,3.14159265359
0.54,-1.96,1481041168.11,3.14159265359
0.54,-1.96,1481041168.15,3.14159265359
0.54,-1.96,1481041168.15,3.14159265359
0.54,-1.96,1481041168.19,3.14159265359
0.53,-1.96,1481041168.19,3.14159265359
0.53,-1.96,1481041168.23,3.14159265359
0.53,-1.96,1481041168.23,3.14159265359
0.53,-1.96,1481041168.27,3.14159265359
0.52,-1.96,1481041168.27,3.14159265359
0.52,-1.96,1481041168.31,3.14159265359
0.52,-1.96,1481041168.31,3.14159265359
0.52,-1.96,1481041168.35,3.14159265359
0.52,-1.96,1481041168.35,3.14159265359
0.51,-1.96,1481041168.39,3.14159265359
0.51,-1.96,1481041168.39,3.14159265359
0.51,-1.96,1481041168.43,3.14159265359
0.51,-1.96,1481041168.43,3.14159265359
0.5,-1.96,1481041168.47,3.14159265359
0.5,-1.96,1481041168.47,3.14159265359
0.5,-1.96,1481041168.51,3.14159265359
0.49,-1.96,1481041168.51,3.14159265359
0.49,-1.96,1481041168.55,3.14159265359
0.49,-1.96,1481041168.55,3.14159265359
0.49,-1.97,1481041168.59,3.14159265359
0.48,-1.97,1481041168.59,3.14159265359
0.48,-1.97,1481041168.63,3.14159265359
0.48,-1.97,1481041168.63,3.14159265359
0.47,-1.97,1481041168.68,3.14159265359
0.47,-1.97,1481041168.68,3.14159265359
0.46,-1.97,1481041168.68,3.14159265359
0.46,-1.97,1481041168.72,3.14159265359
0.46,-1.97,1481041168.72,3.14159265359
0.45,-1.97,1481041168.73,3.14159265359
0.45,-1.97,1481041168.75,3.14159265359
0.44,-1.97,1481041168.79,3.14159265359
0.44,-1.97,1481041168.83,3.14159265359
0.43,-1.97,1481041168.83,3.14159265359
0.43,-1.97,1481041168.87,3.14159265359
0.42,-1.97,1481041168.87,3.14159265359
0.42,-1.97,1481041168.91,3.14159265359
0.42,-1.97,1481041168.91,3.14159265359
0.41,-1.97,1481041168.95,3.14159265359
0.41,-1.97,1481041168.95,3.14159265359
0.41,-1.97,1481041168.99,3.14159265359
0.4,-1.97,1481041168.99,3.14159265359
0.4,-1.97,1481041169.03,3.14159265359
0.39,-1.97,1481041169.03,3.14159265359
0.39,-1.97,1481041169.07,3.14159265359
0.39,-1.97,1481041169.07,3.14159265359
0.38,-1.97,1481041169.11,3.14159265359
0.38,-1.97,1481041169.11,3.14159265359
0.37,-1.97,1481041169.15,3.14159265359
0.37,-1.97,1481041169.15,3.14159265359
0.36,-1.97,1481041169.19,3.14159265359
0.36,-1.97,1481041169.19,3.14159265359
0.35,-1.97,1481041169.23,3.14159265359
0.35,-1.97,1481041169.23,3.14159265359
0.35,-1.97,1481041169.27,3.14159265359
0.34,-1.97,1481041169.27,3.14159265359
0.34,-1.97,1481041169.31,3.14159265359
0.33,-1.97,1481041169.31,3.14159265359
0.33,-1.97,1481041169.35,3.14159265359
0.33,-1.97,1481041169.35,3.14159265359
0.32,-1.97,1481041169.39,3.14159265359
0.32,-1.97,1481041169.39,3.14159265359
0.31,-1.97,1481041169.43,3.14159265359
0.31,-1.97,1481041169.43,3.14159265359
0.31,-1.97,1481041169.47,3.14159265359
0.3,-1.97,1481041169.47,3.14159265359
0.3,-1.98,1481041169.51,3.14159265359
0.29,-1.98,1481041169.51,3.14159265359
0.29,-1.98,1481041169.55,3.14159265359
0.29,-1.98,1481041169.55,3.14159265359
0.28,-1.98,1481041169.59,3.14159265359
0.28,-1.98,1481041169.59,3.14159265359
0.27,-1.98,1481041169.63,3.14159265359
0.27,-1.98,1481041169.63,3.14159265359
0.27,-1.98,1481041169.67,3.14159265359
0.26,-1.98,1481041169.67,3.14159265359
0.26,-1.98,1481041169.71,3.14159265359
0.25,-1.97,1481041169.71,3.14159265359
0.25,-1.97,1481041169.75,3.14159265359
0.25,-1.97,1481041169.75,3.14159265359
0.24,-1.97,1481041169.79,3.14159265359
0.24,-1.97,1481041169.79,3.14159265359
0.23,-1.97,1481041169.83,3.14159265359
0.23,-1.97,1481041169.83,3.14159265359
0.23,-1.97,1481041169.87,3.14159265359
0.22,-1.97,1481041169.87,3.14159265359
0.22,-1.97,1481041169.91,3.14159265359
0.22,-1.97,1481041169.91,3.14159265359
0.21,-1.97,1481041169.95,3.14159265359
0.21,-1.97,1481041169.95,3.14159265359
0.2,-1.97,1481041169.99,3.14159265359
0.2,-1.98,1481041169.99,3.14159265359
0.19,-1.98,1481041170.03,3.14159265359
0.19,-1.98,1481041170.03,3.14159265359
0.18,-1.98,1481041170.07,3.14159265359
0.18,-1.98,1481041170.07,3.14159265359
0.18,-1.98,1481041170.11,3.14159265359
0.17,-1.98,1481041170.11,3.14159265359
0.17,-1.98,1481041170.15,3.14159265359
0.16,-1.98,1481041170.16,3.14159265359
0.16,-1.98,1481041170.19,3.14159265359
0.15,-1.98,1481041170.19,3.14159265359
0.15,-1.98,1481041170.23,3.14159265359
0.14,-1.98,1481041170.23,3.14159265359
0.14,-1.98,1481041170.27,3.14159265359
0.13,-1.98,1481041170.27,3.14159265359
0.13,-1.98,1481041170.31,3.14159265359
0.12,-1.98,1481041170.31,3.14159265359
0.12,-1.98,1481041170.35,3.14159265359
0.11,-1.98,1481041170.35,3.14159265359
0.11,-1.98,1481041170.39,3.14159265359
0.11,-1.98,1481041170.39,3.14159265359
0.1,-1.98,1481041170.43,3.14159265359
0.1,-1.98,1481041170.43,3.14159265359
0.09,-1.98,1481041170.47,3.14159265359
0.09,-1.98,1481041170.47,3.14159265359
0.08,-1.98,1481041170.51,3.14159265359
0.08,-1.98,1481041170.51,3.14159265359
0.07,-1.98,1481041170.55,3.14159265359
0.06,-1.98,1481041170.55,3.14159265359
0.06,-1.98,1481041170.59,3.14159265359
0.05,-1.98,1481041170.59,3.14159265359
0.05,-1.98,1481041170.63,3.14159265359
0.04,-1.98,1481041170.63,3.14159265359
0.04,-1.99,1481041170.67,3.14159265359
0.04,-1.99,1481041170.67,3.14159265359
0.03,-1.99,1481041170.71,3.14159265359
0.03,-1.99,1481041170.71,3.14159265359
0.02,-1.99,1481041170.75,3.14159265359
0.02,-1.99,1481041170.75,3.14159265359
0.01,-1.99,1481041170.79,3.14159265359
0.01,-1.99,1481041170.79,3.14159265359
0.0,-1.99,1481041170.83,3.14159265359
0.0,-1.99,1481041170.83,3.14159265359
0.0,-1.99,1481041170.87,3.14159265359
0.0,-1.99,1481041170.87,3.14159265359
-0.01,-1.99,1481041170.91,3.14159265359
-0.01,-1.99,1481041170.91,3.14159265359
-0.02,-1.99,1481041170.95,3.14159265359
-0.02,-1.99,1481041170.95,3.14159265359
-0.03,-1.99,1481041170.99,3.14159265359
-0.03,-1.99,1481041170.99,3.14159265359
-0.04,-1.99,1481041171.03,3.14159265359
-0.04,-1.99,1481041171.03,3.14159265359
-0.05,-1.99,1481041171.07,3.14159265359
-0.05,-1.99,1481041171.07,3.14159265359
-0.06,-1.99,1481041171.11,3.14159265359
-0.06,-1.99,1481041171.11,3.14159265359
-0.07,-1.99,1481041171.15,3.14159265359
-0.07,-1.99,1481041171.15,3.14159265359
-0.08,-1.99,1481041171.19,3.14159265359
-0.08,-1.99,1481041171.19,3.14159265359
-0.09,-1.99,1481041171.23,3.14159265359
-0.09,-1.99,1481041171.23,3.14159265359
-0.1,-1.99,1481041171.27,3.14159265359
-0.1,-1.99,1481041171.27,3.14159265359
-0.11,-1.99,1481041171.31,3.14159265359
-0.11,-1.99,1481041171.31,3.14159265359
-0.12,-1.99,1481041171.35,3.14159265359
-0.12,-1.99,1481041171.35,3.14159265359
-0.13,-1.99,1481041171.39,3.14159265359
-0.13,-1.99,1481041171.39,3.14159265359
-0.14,-1.99,1481041171.43,3.14159265359
-0.14,-1.99,1481041171.43,3.14159265359
-0.15,-1.99,1481041171.47,3.14159265359
-0.15,-1.99,1481041171.47,3.14159265359
-0.16,-1.99,1481041171.51,3.14159265359
-0.16,-1.99,1481041171.51,3.14159265359
-0.17,-1.99,1481041171.55,3.14159265359
-0.17,-1.99,1481041171.55,3.14159265359
-0.18,-1.99,1481041171.59,3.14159265359
-0.18,-1.99,1481041171.59,3.14159265359
-0.19,-1.99,1481041171.63,3.14159265359
-0.19,-1.99,1481041171.63,3.14159265359
-0.2,-1.99,1481041171.67,3.14159265359
-0.2,-1.99,1481041171.67,3.14159265359
-0.21,-1.99,1481041171.71,3.14159265359
-0.21,-1.99,1481041171.71,3.14159265359
-0.22,-1.99,1481041171.75,3.14159265359
-0.22,-1.99,1481041171.75,3.14159265359
-0.23,-1.99,1481041171.79,3.14159265359
-0.23,-1.99,1481041171.79,3.14159265359
-0.24,-1.99,1481041171.83,3.14159265359
-0.24,-1.99,1481041171.83,3.14159265359
-0.25,-1.99,1481041171.87,3.14159265359
-0.25,-1.99,1481041171.87,3.14159265359
-0.26,-1.99,1481041171.91,3.14159265359
-0.26,-1.99,1481041171.91,3.14159265359
-0.27,-1.99,1481041171.95,3.14159265359
-0.27,-1.99,1481041171.95,3.14159265359
-0.28,-1.99,1481041171.99,3.14159265359
-0.28,-1.99,1481041171.99,3.14159265359
-0.29,-1.99,1481041172.03,3.14159265359
-0.29,-1.99,1481041172.03,3.14159265359
-0.3,-1.99,1481041172.07,3.14159265359
-0.3,-1.99,1481041172.07,3.14159265359
-0.31,-1.99,1481041172.11,3.14159265359
-0.31,-1.99,1481041172.11,3.14159265359
-0.32,-1.99,1481041172.15,3.14159265359
-0.32,-1.99,1481041172.15,3.14159265359
-0.32,-1.99,1481041172.19,3.14159265359
-0.33,-1.99,1481041172.19,3.14159265359
-0.33,-2.0,1481041172.23,3.14159265359
-0.33,-2.0,1481041172.23,3.14159265359
-0.34,-2.0,1481041172.27,3.14159265359
-0.34,-2.0,1481041172.27,3.14159265359
-0.35,-2.0,1481041172.31,3.14159265359
-0.36,-2.0,1481041172.31,3.14159265359
-0.36,-2.0,1481041172.35,3.14159265359
-0.37,-1.99,1481041172.35,3.14159265359
-0.37,-1.99,1481041172.39,3.14159265359
-0.38,-1.99,1481041172.39,3.14159265359
-0.38,-1.98,1481041172.43,3.14159265359
-0.38,-1.98,1481041172.43,3.14159265359
-0.38,-1.98,1481041172.47,3.14159265359
-0.38,-1.97,1481041172.47,0.0
-0.38,-1.97,1481041172.51,0.0
-0.38,-1.97,1481041172.51,0.0
-0.38,-1.96,1481041172.55,0.0
-0.38,-1.96,1481041172.55,0.0
-0.38,-1.96,1481041172.59,0.0
-0.38,-1.95,1481041172.59,0.0
-0.38,-1.96,1481041172.63,0.0
-0.38,-1.96,1481041172.63,0.0
-0.38,-1.96,1481041172.67,0.0
-0.37,-1.96,1481041172.67,0.0
-0.37,-1.96,1481041172.71,0.0
-0.37,-1.96,1481041172.71,0.0
-0.37,-1.96,1481041172.75,3.14159265359
-0.37,-1.96,1481041172.75,3.14159265359
-0.37,-1.96,1481041172.79,3.14159265359
-0.37,-1.96,1481041172.79,3.14159265359
-0.37,-1.96,1481041172.83,3.14159265359
-0.37,-1.96,1481041172.83,3.14159265359
-0.37,-1.96,1481041172.87,0.0
-0.37,-1.96,1481041172.87,0.0
-0.37,-1.96,1481041172.91,0.0
-0.37,-1.96,1481041172.92,0.0
-0.37,-1.96,1481041172.96,0.0
-0.37,-1.96,1481041172.96,0.0
-0.37,-1.96,1481041172.96,0.0
-0.37,-1.96,1481041173.0,0.0
-0.37,-1.96,1481041173.0,0.0
-0.37,-1.96,1481041173.02,0.0
-0.37,-1.96,1481041173.03,0.0
-0.37,-1.96,1481041173.07,0.0
-0.37,-1.96,1481041173.12,0.0
-0.37,-1.96,1481041173.12,0.0
-0.37,-1.96,1481041173.12,0.0
-0.37,-1.96,1481041173.16,0.0
-0.37,-1.96,1481041173.16,0.0
-0.37,-1.96,1481041173.17,0.0
-0.37,-1.96,1481041173.19,0.0
-0.37,-1.96,1481041173.23,0.0
-0.37,-1.96,1481041173.27,0.0
-0.37,-1.96,1481041173.27,0.0
-0.37,-1.96,1481041173.31,0.0
-0.37,-1.96,1481041173.31,0.0
-0.37,-1.96,1481041173.35,0.0
-0.37,-1.96,1481041173.35,0.0
-0.37,-1.96,1481041173.39,0.0
-0.37,-1.96,1481041173.39,0.0
-0.37,-1.96,1481041173.43,0.0
-0.37,-1.96,1481041173.43,0.0
-0.37,-1.96,1481041173.47,0.0
-0.37,-1.96,1481041173.47,0.0
-0.37,-1.96,1481041173.51,0.0
-0.37,-1.96,1481041173.51,0.0
-0.37,-1.96,1481041173.55,0.0
-0.37,-1.96,1481041173.55,0.0
-0.37,-1.96,1481041173.59,0.0
-0.37,-1.96,1481041173.59,0.0
-0.37,-1.96,1481041173.63,0.0
-0.37,-1.96,1481041173.63,0.0
-0.37,-1.96,1481041173.67,0.0
-0.37,-1.96,1481041173.67,0.0
-0.37,-1.96,1481041173.71,0.0
-0.37,-1.96,1481041173.71,0.0
-0.37,-1.96,1481041173.75,0.0
-0.37,-1.96,1481041173.75,0.0
-0.37,-1.96,1481041173.79,0.0
-0.37,-1.96,1481041173.79,0.0
-0.37,-1.96,1481041173.83,0.0
-0.37,-1.96,1481041173.83,0.0
-0.37,-1.96,1481041173.87,0.0
-0.37,-1.96,1481041173.87,0.0
-0.37,-1.96,1481041173.91,0.0
-0.37,-1.96,1481041173.91,0.0
-0.37,-1.96,1481041173.95,0.0
-0.37,-1.96,1481041173.95,0.0
-0.37,-1.96,1481041173.99,0.0
-0.37,-1.96,1481041173.99,0.0
-0.37,-1.96,1481041174.03,0.0
-0.37,-1.96,1481041174.03,0.0
-0.37,-1.96,1481041174.07,0.0
-0.37,-1.96,1481041174.07,0.0
-0.37,-1.96,1481041174.11,0.0
-0.37,-1.96,1481041174.11,0.0
-0.37,-1.96,1481041174.15,0.0
-0.37,-1.96,1481041174.15,0.0
-0.37,-1.96,1481041174.19,0.0
-0.37,-1.96,1481041174.19,0.0
-0.37,-1.96,1481041174.23,0.0
-0.37,-1.96,1481041174.23,0.0
-0.37,-1.96,1481041174.27,0.0
-0.37,-1.96,1481041174.27,0.0
-0.37,-1.96,1481041174.31,0.0
-0.37,-1.96,1481041174.31,0.0
-0.37,-1.96,1481041174.35,0.0
-0.37,-1.96,1481041174.35,0.0
-0.37,-1.96,1481041174.39,0.0
-0.37,-1.96,1481041174.39,0.0
-0.37,-1.96,1481041174.43,0.0
-0.37,-1.96,1481041174.43,0.0
-0.37,-1.96,1481041174.47,0.0
-0.37,-1.96,1481041174.47,0.0
-0.37,-1.96,1481041174.51,0.0
-0.37,-1.96,1481041174.51,0.0
-0.37,-1.96,1481041174.55,0.0
-0.37,-1.96,1481041174.55,0.0
-0.37,-1.96,1481041174.59,0.0
-0.37,-1.96,1481041174.59,0.0
-0.37,-1.96,1481041174.63,0.0
-0.37,-1.97,1481041174.63,0.0
-0.37,-1.97,1481041174.67,0.0
-0.37,-1.97,1481041174.67,0.0
-0.37,-1.97,1481041174.71,0.0
-0.37,-1.97,1481041174.71,0.0
-0.37,-1.97,1481041174.75,0.0
-0.37,-1.97,1481041174.75,0.0
-0.37,-1.97,1481041174.79,0.0
-0.37,-1.97,1481041174.79,0.0
-0.37,-1.97,1481041174.83,0.0
-0.37,-1.97,1481041174.83,0.0
-0.37,-1.97,1481041174.87,0.0
-0.37,-1.97,1481041174.87,0.0
-0.37,-1.97,1481041174.91,0.0
-0.37,-1.97,1481041174.91,0.0
-0.37,-1.97,1481041174.95,0.0
-0.37,-1.97,1481041174.95,0.0
-0.37,-1.97,1481041174.99,0.0
-0.37,-1.97,1481041174.99,0.0
-0.37,-1.97,1481041175.03,0.0
-0.37,-1.97,1481041175.03,0.0
-0.37,-1.97,1481041175.07,0.0
-0.37,-1.97,1481041175.07,0.0
-0.37,-1.97,1481041175.11,0.0
-0.37,-1.97,1481041175.11,0.0
-0.37,-1.97,1481041175.15,0.0
-0.37,-1.97,1481041175.15,0.0
-0.37,-1.97,1481041175.19,0.0
-0.37,-1.97,1481041175.19,0.0
-0.37,-1.97,1481041175.23,0.0
-0.37,-1.97,1481041175.23,0.0
-0.37,-1.97,1481041175.27,0.0
-0.37,-1.97,1481041175.27,0.0
-0.37,-1.97,1481041175.31,0.0
-0.37,-1.97,1481041175.31,0.0
-0.37,-1.97,1481041175.35,0.0
-0.37,-1.97,1481041175.35,0.0
-0.37,-1.97,1481041175.39,0.0
-0.37,-1.97,1481041175.39,0.0
-0.37,-1.97,1481041175.43,0.0
-0.37,-1.97,1481041175.43,0.0
-0.37,-1.97,1481041175.47,0.0
-0.37,-1.97,1481041175.47,0.0
-0.37,-1.97,1481041175.51,0.0
-0.37,-1.97,1481041175.51,0.0
-0.37,-1.97,1481041175.55,0.0
-0.37,-1.97,1481041175.55,0.0
-0.37,-1.97,1481041175.59,0.0
-0.37,-1.97,1481041175.59,0.0
-0.37,-1.97,1481041175.63,0.0
-0.37,-1.97,1481041175.63,0.0
-0.37,-1.97,1481041175.67,0.0
-0.37,-1.97,1481041175.67,0.0
-0.37,-1.97,1481041175.71,0.0
-0.37,-1.97,1481041175.71,0.0
-0.37,-1.97,1481041175.75,0.0
-0.37,-1.97,1481041175.75,0.0
