5.544444561,5.544444561,0.156200885773,0.0
5.544444561,5.544444561,0.172192811966,0.0
5.544444561,5.544444561,0.188192844391,0.0
5.544444561,5.544444561,0.204195976257,0.0
5.544444561,5.544444561,0.220202922821,0.0
5.544444561,5.544444561,0.236200809479,0.0
5.544444561,5.544444561,0.252200841904,0.0
5.544444561,5.544444561,0.268200874329,0.0
5.544444561,5.544444561,0.284201860428,0.0
5.544444561,5.544444561,0.300203800201,0.0
5.544444561,5.544444561,0.31618976593,0.0
5.544444561,5.544444561,0.332208871841,0.0
5.544444561,5.544444561,0.348214864731,0.0
5.544444561,5.544444561,0.364201784134,0.0
5.544444561,5.544444561,0.380135774612,0.0
5.544444561,5.544444561,0.396207809448,0.0
5.544444561,5.544444561,0.412188768387,0.0
5.544444561,5.544444561,0.428216934204,0.0
5.544444561,5.544444561,0.444201946259,0.0
5.544444561,5.544444561,0.460193872452,0.0
5.544444561,5.544444561,0.476186990738,0.0
5.544444561,5.544444561,0.492121934891,0.0
5.544444561,5.544444561,0.50821185112,0.0
5.544444561,5.544444561,0.524204969406,0.0
5.544444561,5.544444561,0.540203809738,0.0
5.544444561,5.544444561,0.556268930435,0.0
5.544444561,5.544444561,0.572198867798,0.0
5.544444561,5.544444561,0.588188886642,0.0
5.544444561,5.544444561,0.604197978973,0.0
5.544444561,5.544444561,0.620226860046,0.0
5.544444561,5.544444561,0.636159896851,0.0
5.544444561,5.544444561,0.652205944061,0.0
5.544444561,5.544444561,0.668171882629,0.0
5.544444561,5.544444561,0.684183835983,0.0
5.544444561,5.544444561,0.700204849243,0.0
5.544444561,5.544444561,0.716231822968,0.0
5.544444561,5.544444561,0.732197999954,0.0
5.544444561,5.544444561,0.748207807541,0.0
5.544444561,5.544444561,0.764197826385,0.0
5.544444561,5.544444561,0.780162811279,0.0
5.544444561,5.544444561,0.796153783798,0.0
5.544444561,5.544444561,0.812169790268,0.0
5.544444561,5.544444561,0.828196763992,0.0
5.544444561,5.544444561,0.844165802002,0.0
5.544444561,5.544444561,0.860218763351,0.0
5.544444561,5.544444561,0.876210927963,0.0
5.544444561,5.544444561,0.892115831375,0.0
5.544444561,5.544444561,0.90821480751,0.0
5.544444561,5.544444561,0.924205780029,0.0
5.544444561,5.544444561,0.940203905106,0.0
5.544444561,5.544444561,0.956202983856,0.0
5.544444561,5.544444561,0.972193956375,0.0
5.544444561,5.544444561,0.988191843033,0.0
5.544444561,5.544444561,1.00419187546,0.0
5.544444561,5.544444561,1.0201997757,0.0
5.544444561,5.544444561,1.03619599342,0.0
5.544444561,5.544444561,1.0521697998,0.0
5.544444561,5.544444561,1.06819796562,0.0
5.544444561,5.544444561,1.08418178558,0.0
5.544444561,5.544444561,1.10018396378,0.0
5.544444561,5.544444561,1.11618995667,0.0
5.544444561,5.544444561,1.13218379021,0.0
5.544444561,5.544444561,1.14821386337,0.0
5.544444561,5.544444561,1.16419482231,0.0
5.544444561,5.544444561,1.18015789986,0.0
5.544444561,5.544444561,1.19619297981,0.0
5.544444561,5.544444561,1.21221280098,0.0
5.544444561,5.544444561,1.22820687294,0.0
5.544444561,5.544444561,1.24415183067,0.0
5.544444561,5.544444561,1.26018476486,0.0
5.544444561,5.544444561,1.27626085281,0.0
5.544444561,5.544444561,1.29217791557,0.0
5.544444561,5.544444561,1.30818390846,0.0
5.544444561,5.544444561,1.32419490814,0.0
5.544444561,5.544444561,1.34017682076,0.0
5.544444561,5.544444561,1.35619592667,0.0
5.544444561,5.544444561,1.37219595909,0.0
5.544444561,5.544444561,1.38819098473,0.0
5.544444561,5.544444561,1.40418291092,0.0
5.544444561,5.544444561,1.42018580437,0.0
5.544444561,5.544444561,1.43621993065,0.0
5.544444561,5.544444561,1.452272892,0.0
5.544444561,5.544444561,1.46819996834,0.0
5.544444561,5.544444561,1.48413777351,0.0
5.544444561,5.544444561,1.50019693375,0.0
5.544444561,5.544444561,1.51616978645,0.0
5.544444561,5.544444561,1.5321958065,0.0
5.544444561,5.544444561,1.54820084572,0.0
5.544444561,5.544444561,1.5641078949,0.0
5.544444561,5.544444561,1.58016395569,0.0
5.544444561,5.544444561,1.59620499611,0.0
5.544444561,5.544444561,1.61217284203,0.0
5.544444561,5.544444561,1.62822079659,0.0
5.544444561,5.544444561,1.64417982101,0.0
5.544444561,5.544444561,1.66012477875,0.0
5.544444561,5.544444561,1.6762008667,0.0
5.544444561,5.544444561,1.69214081764,0.0
5.544444561,5.544444561,1.70819377899,0.0
5.544444561,5.544444561,1.72413778305,0.0
5.544444561,5.544444561,1.74020576477,0.0
5.544444561,5.544444561,1.75620484352,0.0
5.544444561,5.544444561,1.7722017765,0.0
5.544444561,5.544444561,1.78812098503,0.0
5.544444561,5.544444561,1.80418777466,0.0
5.544444561,5.544444561,1.82018899918,0.0
5.544444561,5.544444561,1.83622598648,0.0
5.544444561,5.544444561,1.85222291946,0.0
5.544444561,5.544444561,1.8681948185,0.0
5.544444561,5.544444561,1.8842458725,0.0
5.544444561,5.544444561,1.90012979507,0.0
5.544444561,5.544444561,1.91624093056,0.0
5.544444561,5.544444561,1.93220281601,0.0
5.544444561,5.544444561,1.94821476936,0.0
5.544444561,5.544444561,1.96420288086,0.0
5.544444561,5.544444561,1.9801659584,0.0
5.544444561,5.544444561,1.99620485306,0.0
5.544444561,5.544444561,2.01220083237,0.0
5.544444561,5.544444561,2.02819681168,0.0
5.544444561,5.544444561,2.04419183731,0.0
5.57644462585,5.544444561,2.06023788452,0.0
5.6084446907,5.544444561,2.07622790337,0.0
5.64044475555,5.544444561,2.09221887589,0.0
5.67244434357,5.544444561,2.10825896263,0.0
5.70444440842,5.544444561,2.12429189682,0.0
5.73644447327,5.544444561,2.14031982422,0.0
5.76844453812,5.544444561,2.15619587898,0.0
5.80044460297,5.544444561,2.17216587067,0.0
5.83244466782,5.544444561,2.18820786476,0.0
5.86444473267,5.544444561,2.20419478416,0.0
5.89644479752,5.544444561,2.22020792961,0.0
5.92844438553,5.544444561,2.23619794846,0.0
5.96044445038,5.544444561,2.25228595734,0.0
5.99244451523,5.544444561,2.2681748867,0.0
6.02444458008,5.544444561,2.28419399261,0.0
6.05644464493,5.544444561,2.30022978783,0.0
6.08844470978,5.544444561,2.31625199318,0.0
6.12044477463,5.544444561,2.33221387863,0.0
6.15244436264,5.544444561,2.3482029438,0.0
6.18444442749,5.544444561,2.36428189278,0.0
6.21644449234,5.544444561,2.3802549839,0.0
6.24844455719,5.544444561,2.39611792564,0.0
6.28044462204,5.544444561,2.41220879555,0.0
6.31244468689,5.544444561,2.42820477486,0.0
6.34444475174,5.544444561,2.44424796104,0.0
6.37644433975,5.544444561,2.46021294594,0.0
6.4084444046,5.544444561,2.4762969017,0.0
6.44044446945,5.544444561,2.49220180511,0.0
6.4724445343,5.544444561,2.5082719326,0.0
6.50444459915,5.544444561,2.52424192429,0.0
6.536444664,5.544444561,2.5401558876,0.0
6.56844472885,5.544444561,2.55619478226,0.0
6.6004447937,5.544444561,2.57219576836,0.0
6.63244438171,5.544444561,2.58823299408,0.0
6.66444444656,5.544444561,2.60421299934,0.0
6.69644451141,5.544444561,2.62016797066,0.0
6.72844457626,5.544444561,2.63621091843,0.0
6.76044464111,5.544444561,2.65228581429,0.0
6.79244470596,5.544444561,2.66819882393,0.0
6.82444477081,5.544444561,2.68429684639,0.0
6.85644435883,5.544444561,2.70019388199,0.0
6.88844442368,5.544444561,2.71620488167,0.0
6.92044448853,5.544444561,2.73218989372,0.0
6.95244455338,5.544444561,2.74823594093,0.0
6.98444461823,5.544444561,2.76416397095,0.0
7.01644468307,5.544444561,2.78027677536,0.0
7.04844474792,5.544444561,2.79620885849,0.0
7.08044433594,5.544444561,2.81224989891,0.0
7.11244440079,5.544444561,2.82822489738,0.0
7.14444446564,5.544444561,2.8442838192,0.0
7.17644453049,5.544444561,2.86021876335,0.0
7.20844459534,5.544444561,2.8762087822,0.0
7.24044466019,5.544444561,2.89221978188,0.0
7.27244472504,5.544444561,2.90816378593,0.0
7.30444478989,5.544444561,2.92417097092,0.0
7.3364443779,5.544444561,2.94020199776,0.0
7.36844444275,5.544444561,2.9562458992,0.0
7.4004445076,5.544444561,2.97234296799,0.0
7.43244457245,5.544444561,2.98816680908,0.0
7.4644446373,5.544444561,3.00422692299,0.0
7.49644470215,5.544444561,3.0202088356,0.0
7.528444767,5.544444561,3.03621983528,0.0
7.56044435501,5.544444561,3.0522108078,0.0
7.56044435501,5.544444561,3.06816482544,0.0
7.56044435501,5.544444561,3.08416390419,0.0
7.56044435501,5.544444561,3.10020184517,0.0
7.56044435501,5.544444561,3.11620283127,0.0
7.56044435501,5.544444561,3.13220191002,0.0
7.56044435501,5.544444561,3.14819097519,0.0
7.56044435501,5.544444561,3.16410589218,0.0
7.56044435501,5.544444561,3.18019986153,0.0
7.56044435501,5.544444561,3.19611978531,0.0
7.56044435501,5.544444561,3.21220493317,0.0
7.56044435501,5.544444561,3.22810578346,0.0
7.56044435501,5.544444561,3.2442009449,0.0
7.56044435501,5.544444561,3.26020979881,0.0
7.56044435501,5.544444561,3.27619695663,0.0
7.56044435501,5.544444561,3.29218387604,0.0
7.56044435501,5.544444561,3.30821585655,0.0
7.56044435501,5.544444561,3.3241109848,0.0
7.56044435501,5.544444561,3.34016180038,0.0
7.56044435501,5.544444561,3.3561398983,0.0
7.56044435501,5.544444561,3.37220478058,0.0
7.56044435501,5.544444561,3.38816690445,0.0
7.56044435501,5.544444561,3.40420484543,0.0
7.56044435501,5.544444561,3.42016482353,0.0
7.56044435501,5.544444561,3.4362039566,0.0
7.56044435501,5.544444561,3.4522049427,0.0320000015199
7.56044435501,5.544444561,3.46819996834,0.0640000030398
7.56044435501,5.544444561,3.48420476913,0.0960000008345
7.56044435501,5.544444561,3.5002207756,0.12800000608
7.56044435501,5.544444561,3.51622200012,0.159999996424
7.56044435501,5.544444561,3.53223180771,0.192000001669
7.56044435501,5.544444561,3.54820179939,0.224000006914
7.56044435501,5.544444561,3.56424999237,0.256000012159
7.56044435501,5.544444561,3.58020377159,0.287999987602
7.56044435501,5.544444561,3.59621787071,0.319999992847
7.56044435501,5.544444561,3.61221694946,0.351999998093
7.56044435501,5.544444561,3.62834978104,0.384000003338
7.56044435501,5.544444561,3.64415979385,0.416000008583
7.56044435501,5.544444561,3.66025876999,0.448000013828
7.56044435501,5.544444561,3.67620897293,0.479999989271
7.56044435501,5.544444561,3.69217896461,0.512000024319
7.56044435501,5.544444561,3.70820593834,0.544000029564
7.56044435501,5.544444561,3.72415590286,0.575999975204
7.56044435501,5.544444561,3.74015784264,0.60799998045
7.56044435501,5.544444561,3.75618982315,0.639999985695
7.56044435501,5.544444561,3.77220892906,0.67199999094
7.56044435501,5.544444561,3.78834080696,0.703999996185
7.56044435501,5.544444561,3.80420684814,0.736000001431
7.56044435501,5.544444561,3.82014989853,0.768000006676
7.56044435501,5.544444561,3.83631682396,0.800000011921
7.58273935318,5.56739997864,3.85220479965,0.800000011921
7.60503387451,5.59035539627,3.86824178696,0.800000011921
7.62732839584,5.6133108139,3.88430595398,0.800000011921
7.64962291718,5.63626623154,3.90020394325,0.800000011921
7.67191743851,5.65922164917,3.91629290581,0.800000011921
7.69421243668,5.6821770668,3.93221998215,0.800000011921
7.71650695801,5.70513248444,3.94832992554,0.800000011921
7.73880147934,5.72808790207,3.96423077583,0.800000011921
7.76109600067,5.7510433197,3.980219841,0.800000011921
7.783390522,5.77399873734,3.99621891975,0.800000011921
7.80568552017,5.79695367813,4.01220679283,0.800000011921
7.8279800415,5.81990909576,4.02824378014,0.800000011921
7.85027456284,5.8428645134,4.04420781136,0.800000011921
7.87256908417,5.86581993103,4.0601837635,0.800000011921
7.8948636055,5.88877534866,4.07620382309,0.800000011921
7.91715860367,5.9117307663,4.0921587944,0.800000011921
7.939453125,5.93468618393,4.10821294785,0.800000011921
7.96174764633,5.95764160156,4.12414979935,0.800000011921
7.98404216766,5.9805970192,4.14023399353,0.800000011921
8.00633716583,6.00355243683,4.15631699562,0.800000011921
8.02863121033,6.02650785446,4.17212176323,0.800000011921
8.0509262085,6.04946327209,4.18820691109,0.800000011921
8.07322025299,6.07241868973,4.20429897308,0.800000011921
8.09551525116,6.09537410736,4.22014594078,0.800000011921
8.11781024933,6.11832952499,4.23621487617,0.800000011921
8.14010429382,6.14128494263,4.2523598671,0.800000011921
8.16239929199,6.16424036026,4.26821684837,0.800000011921
8.18469333649,6.18719577789,4.28424477577,0.800000011921
8.20698833466,6.21015119553,4.30022478104,0.800000011921
8.22928333282,6.23310661316,4.31624794006,0.800000011921
8.25157737732,6.25606203079,4.33220696449,0.800000011921
8.27387237549,6.27901697159,4.34823298454,0.800000011921
8.29616641998,6.30197238922,4.36428689957,0.800000011921
8.31846141815,6.32492780685,4.380204916,0.800000011921
8.34075641632,6.34788322449,4.39627981186,0.800000011921
8.36305046082,6.37083864212,4.41221785545,0.800000011921
8.38534545898,6.39379405975,4.42818188667,0.800000011921
8.40763950348,6.41674947739,4.44421696663,0.800000011921
8.42993450165,6.43970489502,4.4602189064,0.800000011921
8.45222949982,6.46266031265,4.47621798515,0.800000011921
8.47452354431,6.48561573029,4.49220490456,0.800000011921
8.49681854248,6.50857114792,4.50825595856,0.800000011921
8.51911258698,6.53152656555,4.52431583405,0.800000011921
8.54140758514,6.55448198318,4.54021596909,0.800000011921
8.56370258331,6.57743740082,4.55623984337,0.800000011921
8.58599662781,6.60039281845,4.57225990295,0.800000011921
8.60829162598,6.62334823608,4.58835983276,0.800000011921
8.63058567047,6.64630365372,4.60421991348,0.800000011921
8.65288066864,6.66925907135,4.62028980255,0.800000011921
8.67517566681,6.69221448898,4.63621592522,0.800000011921
8.6974697113,6.71516990662,4.65229082108,0.800000011921
8.71976470947,6.73812532425,4.66825079918,0.800000011921
8.74205875397,6.76108026505,4.68416690826,0.800000011921
8.76435375214,6.78403568268,4.70022082329,0.800000011921
8.78664875031,6.80699110031,4.71628594398,0.800000011921
8.8089427948,6.82994651794,4.73223185539,0.800000011921
8.83123779297,6.85290193558,4.74824500084,0.800000011921
8.85353183746,6.87585735321,4.76416397095,0.800000011921
8.87582683563,6.89881277084,4.78028988838,0.800000011921
8.8981218338,6.92176818848,4.79622077942,0.800000011921
8.9204158783,6.94472360611,4.81227898598,0.800000011921
8.94271087646,6.96767902374,4.8282968998,0.800000011921
8.96500492096,6.99063444138,4.84420895576,0.800000011921
8.96500492096,6.99063444138,4.86020183563,0.800000011921
8.96500492096,6.99063444138,4.87621283531,0.800000011921
8.96500492096,6.99063444138,4.89213991165,0.800000011921
8.96500492096,6.99063444138,4.90821194649,0.800000011921
8.96500492096,6.99063444138,4.92422199249,0.800000011921
8.96500492096,6.99063444138,4.94013094902,0.800000011921
8.96500492096,6.99063444138,4.9562227726,0.800000011921
8.96500492096,6.99063444138,4.97221589088,0.800000011921
8.96500492096,6.99063444138,4.98821592331,0.800000011921
8.96500492096,6.99063444138,5.00421786308,0.800000011921
8.96500492096,6.99063444138,5.02021598816,0.800000011921
8.96500492096,6.99063444138,5.0362098217,0.800000011921
8.96500492096,6.99063444138,5.05221676826,0.800000011921
8.96500492096,6.99063444138,5.06821298599,0.800000011921
8.96500492096,6.99063444138,5.08420491219,0.800000011921
8.96500492096,6.99063444138,5.10021591187,0.800000011921
8.96500492096,6.99063444138,5.1162109375,0.800000011921
8.96500492096,6.99063444138,5.13213396072,0.800000011921
8.96500492096,6.99063444138,5.14818692207,0.800000011921
8.96500492096,6.99063444138,5.16416287422,0.800000011921
8.96500492096,6.99063444138,5.18020486832,0.800000011921
8.96500492096,6.99063444138,5.19612693787,0.800000011921
8.96500492096,6.99063444138,5.2122027874,0.800000011921
8.96500492096,6.99063444138,5.22813391685,0.800000011921
8.96500492096,6.99063444138,5.24414491653,0.800000011921
8.96500492096,6.99063444138,5.26021385193,0.800000011921
8.96500492096,6.99063444138,5.27619886398,0.800000011921
8.96500492096,6.99063444138,5.29220294952,0.800000011921
8.96500492096,6.99063444138,5.30812191963,0.800000011921
8.96500492096,6.99063444138,5.32420492172,0.800000011921
8.96500492096,6.99063444138,5.34012293816,0.800000011921
8.96500492096,6.99063444138,5.3561937809,0.800000011921
8.96500492096,6.99063444138,5.37220191956,0.800000011921
8.96500492096,6.99063444138,5.38820576668,0.800000011921
8.96500492096,6.99063444138,5.40421485901,0.800000011921
8.96500492096,6.99063444138,5.4202067852,0.800000011921
8.96500492096,6.99063444138,5.43612289429,0.800000011921
8.96500492096,6.99063444138,5.45222187042,0.800000011921
8.96500492096,6.99063444138,5.46811795235,0.800000011921
8.96500492096,6.99063444138,5.48419880867,0.800000011921
8.96500492096,6.99063444138,5.50018596649,0.800000011921
8.96500492096,6.99063444138,5.51619791985,0.800000011921
8.96500492096,6.99063444138,5.53212094307,0.800000011921
8.96500492096,6.99063444138,5.54819989204,0.800000011921
8.96500492096,6.99063444138,5.56420779228,0.800000011921
8.96500492096,6.99063444138,5.58020091057,0.800000011921
8.96500492096,6.99063444138,5.59615683556,0.800000011921
8.96500492096,6.99063444138,5.61223077774,0.800000011921
8.96500492096,6.99063444138,5.62819886208,0.800000011921
8.96500492096,6.99063444138,5.64414095879,0.800000011921
8.96500492096,6.99063444138,5.66016292572,0.800000011921
8.96500492096,6.99063444138,5.67621183395,0.800000011921
8.96500492096,6.99063444138,5.6922018528,0.800000011921
8.96500492096,6.99063444138,5.70811080933,0.800000011921
8.96500492096,6.99063444138,5.724203825,0.800000011921
8.96500492096,6.99063444138,5.74011278152,0.800000011921
8.96500492096,6.99063444138,5.75619792938,0.800000011921
8.96500492096,6.99063444138,5.77213382721,0.800000011921
8.96500492096,6.99063444138,5.7882039547,0.800000011921
8.96500492096,6.99063444138,5.80411076546,0.800000011921
8.96500492096,6.99063444138,5.8202059269,0.800000011921
8.96500492096,6.99063444138,5.83612298965,0.800000011921
8.96500492096,6.99063444138,5.8522207737,0.800000011921
8.96500492096,6.99063444138,5.86812186241,0.800000011921
8.96500492096,6.99063444138,5.88419985771,0.800000011921
8.96500492096,6.99063444138,5.90013289452,0.800000011921
8.96500492096,6.99063444138,5.91620779037,0.800000011921
8.96500492096,6.99063444138,5.93213582039,0.800000011921
8.96500492096,6.99063444138,5.94819188118,0.800000011921
8.96500492096,6.99063444138,5.96415996552,0.800000011921
8.96500492096,6.99063444138,5.98019194603,0.800000011921
8.96500492096,6.99063444138,5.99615883827,0.800000011921
8.96500492096,6.99063444138,6.01220083237,0.800000011921
8.96500492096,6.99063444138,6.02817296982,0.800000011921
8.96500492096,6.99063444138,6.04419493675,0.800000011921
8.96500492096,6.99063444138,6.06019282341,0.800000011921
8.96500492096,6.99063444138,6.07619786263,0.800000011921
8.96500492096,6.99063444138,6.09220600128,0.800000011921
8.96500492096,6.99063444138,6.10811877251,0.800000011921
8.96500492096,6.99063444138,6.12419986725,0.800000011921
8.96500492096,6.99063444138,6.14017391205,0.800000011921
8.96500492096,6.99063444138,6.15624785423,0.800000011921
8.96500492096,6.99063444138,6.17210888863,0.800000011921
8.96500492096,6.99063444138,6.18819999695,0.800000011921
8.96500492096,6.99063444138,6.20419883728,0.800000011921
8.96500492096,6.99063444138,6.22019577026,0.800000011921
8.96500492096,6.99063444138,6.2361137867,0.800000011921
8.96500492096,6.99063444138,6.2522008419,0.800000011921
8.96500492096,6.99063444138,6.26819777489,0.800000011921
8.96500492096,6.99063444138,6.28420686722,0.800000011921
8.96500492096,6.99063444138,6.3001229763,0.800000011921
8.96500492096,6.99063444138,6.31619882584,0.800000011921
8.96500492096,6.99063444138,6.3321249485,0.800000011921
8.96500492096,6.99063444138,6.34810686111,0.800000011921
8.96500492096,6.99063444138,6.36422085762,0.800000011921
8.96500492096,6.99063444138,6.38012099266,0.800000011921
8.96500492096,6.99063444138,6.3961918354,0.800000011921
8.96500492096,6.99063444138,6.41210484505,0.800000011921
8.96500492096,6.99063444138,6.42816996574,0.800000011921
8.96500492096,6.99063444138,6.44411277771,0.800000011921
8.96500492096,6.99063444138,6.4601688385,0.800000011921
8.96500492096,6.99063444138,6.47611880302,0.800000011921
8.96500492096,6.99063444138,6.49219489098,0.800000011921
8.96500492096,6.99063444138,6.50810599327,0.800000011921
8.96500492096,6.99063444138,6.5241959095,0.800000011921
8.96500492096,6.99063444138,6.54010391235,0.800000011921
8.96500492096,6.99063444138,6.55618476868,0.800000011921
8.96500492096,6.99063444138,6.5722079277,0.832000017166
8.96500492096,6.99063444138,6.58820796013,0.864000022411
8.96500492096,6.99063444138,6.60433483124,0.896000027657
8.96500492096,6.99063444138,6.62020277977,0.927999973297
8.96500492096,6.99063444138,6.63627576828,0.959999978542
8.96500492096,6.99063444138,6.6521999836,0.991999983788
8.96500492096,6.99063444138,6.66820287704,1.02400004864
8.96500492096,6.99063444138,6.68420791626,1.05599999428
8.96500492096,6.99063444138,6.70028591156,1.08800005913
8.96500492096,6.99063444138,6.71620678902,1.12000000477
8.96500492096,6.99063444138,6.7323038578,1.15199995041
8.96500492096,6.99063444138,6.74820494652,1.18400001526
8.96500492096,6.99063444138,6.76426792145,1.2159999609
8.96500492096,6.99063444138,6.78020095825,1.24800002575
8.96500492096,6.99063444138,6.79631590843,1.27999997139
8.96500492096,6.99063444138,6.81213378906,1.31200003624
8.96500492096,6.99063444138,6.8282058239,1.34399998188
8.96500492096,6.99063444138,6.8441889286,1.37600004673
8.96500492096,6.99063444138,6.86017298698,1.40799999237
8.96500492096,6.99063444138,6.87613487244,1.44000005722
8.96500492096,6.99063444138,6.8922097683,1.47200000286
8.96500492096,6.99063444138,6.90813589096,1.5039999485
8.96500492096,6.99063444138,6.9242618084,1.53600001335
8.96500492096,6.99063444138,6.94019079208,1.56799995899
8.96500492096,6.99063444138,6.95623397827,1.60000002384
8.96500492096,6.99063444138,6.9722058773,1.63199996948
8.96500492096,6.99063444138,6.98818588257,1.66400003433
8.96500492096,6.99063444138,7.00412082672,1.69599997997
8.96500492096,6.99063444138,7.02020692825,1.72800004482
8.96500492096,6.99063444138,7.03624081612,1.75999999046
8.96500492096,6.99063444138,7.05221676826,1.79200005531
8.96500492096,6.99063444138,7.06823182106,1.82400000095
8.96500492096,6.99063444138,7.08421492577,1.85599994659
8.96500492096,6.99063444138,7.10020399094,1.88800001144
8.96500492096,6.99063444138,7.11621594429,1.91999995708
8.96500492096,6.99063444138,7.13221693039,1.95200002193
8.96500492096,6.99063444138,7.14831995964,1.98399996758
8.96500492096,6.99063444138,7.16421079636,2.01600003242
8.95122432709,7.01951503754,7.18029284477,2.01600003242
8.93744468689,7.04839611053,7.19621682167,2.01600003242
8.92366409302,7.0772767067,7.21230578423,2.01600003242
8.90988349915,7.10615730286,7.22820687294,2.01600003242
8.89610290527,7.13503789902,7.24422478676,2.01600003242
8.8823223114,7.16391897202,7.26028394699,2.01600003242
8.86854171753,7.19279956818,7.27619481087,2.01600003242
8.85476112366,7.22168016434,7.29227876663,2.01600003242
8.84098052979,7.25056123734,7.30816078186,2.01600003242
8.82719993591,7.2794418335,7.32425284386,2.01600003242
8.81341934204,7.30832242966,7.34015798569,2.01600003242
8.79963874817,7.33720302582,7.35624790192,2.01600003242
8.7858581543,7.36608409882,7.37222480774,2.01600003242
8.77207756042,7.39496469498,7.38828086853,2.01600003242
8.75829696655,7.42384529114,7.40420794487,2.01600003242
8.74451637268,7.45272636414,7.42025494576,2.01600003242
8.73073577881,7.4816069603,7.43622994423,2.01600003242
8.71695613861,7.51048755646,7.45221877098,2.01600003242
8.70317554474,7.53936862946,7.46819376945,2.01600003242
8.68939495087,7.56824922562,7.48422288895,2.01600003242
8.67561435699,7.59712982178,7.50028896332,2.01600003242
8.66183376312,7.62601041794,7.51621294022,2.01600003242
8.64805316925,7.65489149094,7.53230381012,2.01600003242
8.63427257538,7.6837720871,7.54821276665,2.01600003242
8.62049198151,7.71265268326,7.56428599358,2.01600003242
8.60671138763,7.74153375626,7.58034181595,2.01600003242
8.59293079376,7.77041435242,7.59621286392,2.01600003242
8.57915019989,7.79929494858,7.61235189438,2.01600003242
8.56536960602,7.82817554474,7.62821793556,2.01600003242
8.55158901215,7.85705661774,7.64432692528,2.01600003242
8.53780841827,7.8859372139,7.66020178795,2.01600003242
8.5240278244,7.91481781006,7.676227808,2.01600003242
8.51024723053,7.94369888306,7.69220781326,2.01600003242
8.49646663666,7.97257947922,7.70829582214,2.01600003242
8.48268699646,8.00146007538,7.72424578667,2.01600003242
8.46890640259,8.03034114838,7.74028897285,2.01600003242
8.45512580872,8.0592212677,7.75624895096,2.01600003242
8.44134521484,8.0881023407,7.77228879929,2.01600003242
8.42756462097,8.1169834137,7.78826189041,2.01600003242
8.4137840271,8.14586353302,7.8042140007,2.01600003242
8.40000343323,8.17474460602,7.82020378113,2.01600003242
8.38622283936,8.20362567902,7.83619689941,2.01600003242
8.37244224548,8.23250579834,7.85220479965,2.01600003242
8.35866165161,8.26138687134,7.86817884445,2.01600003242
8.34488105774,8.29026794434,7.88420677185,2.01600003242
8.33110046387,8.31914806366,7.90015387535,2.01600003242
8.31731987,8.34802913666,7.91619586945,2.01600003242
8.30353927612,8.37690925598,7.93225193024,2.01600003242
8.28975868225,8.40579032898,7.94829487801,2.01600003242
8.27597808838,8.43467140198,7.96420788765,2.01600003242
8.26219844818,8.4635515213,7.9801697731,2.01600003242
8.24841785431,8.4924325943,7.99627780914,2.01600003242
8.23463726044,8.5213136673,8.0122218132,2.01600003242
8.22085666656,8.55019378662,8.02829194069,2.01600003242
8.20707607269,8.57907485962,8.04420495033,2.01600003242
8.19329547882,8.60795593262,8.0602619648,2.01600003242
8.17951488495,8.63683605194,8.07623195648,2.01600003242
8.16573429108,8.66571712494,8.09226584435,2.01600003242
8.1519536972,8.69459819794,8.10827589035,2.01600003242
8.13817310333,8.72347831726,8.12437081337,2.01600003242
8.12439250946,8.75235939026,8.14017677307,2.01600003242
8.11061191559,8.78124046326,8.15633678436,2.01600003242
8.09683132172,8.81012058258,8.17222094536,2.01600003242
8.09683132172,8.81012058258,8.18819379807,2.01600003242
8.09683132172,8.81012058258,8.20419979095,2.01600003242
8.09683132172,8.81012058258,8.22019481659,2.01600003242
8.09683132172,8.81012058258,8.23619580269,2.01600003242
8.09683132172,8.81012058258,8.25218892097,2.01600003242
8.09683132172,8.81012058258,8.26810789108,2.01600003242
8.09683132172,8.81012058258,8.28419399261,2.01600003242
8.09683132172,8.81012058258,8.30021476746,2.01600003242
8.09683132172,8.81012058258,8.31619477272,2.01600003242
8.09683132172,8.81012058258,8.33212089539,2.01600003242
8.09683132172,8.81012058258,8.34821677208,2.01600003242
8.09683132172,8.81012058258,8.36414480209,2.01600003242
8.09683132172,8.81012058258,8.38019776344,2.01600003242
8.09683132172,8.81012058258,8.39618682861,2.01600003242
8.09683132172,8.81012058258,8.41220498085,2.01600003242
8.09683132172,8.81012058258,8.42813682556,2.01600003242
8.09683132172,8.81012058258,8.44419288635,2.01600003242
8.09683132172,8.81012058258,8.46018385887,2.01600003242
8.09683132172,8.81012058258,8.47617387772,2.01600003242
8.09683132172,8.81012058258,8.49217891693,2.01600003242
8.09683132172,8.81012058258,8.5081448555,2.01600003242
8.09683132172,8.81012058258,8.52419495583,2.01600003242
8.09683132172,8.81012058258,8.54018497467,2.01600003242
8.09683132172,8.81012058258,8.55619192123,2.01600003242
8.09683132172,8.81012058258,8.57219791412,2.01600003242
8.09683132172,8.81012058258,8.58816099167,2.01600003242
8.09683132172,8.81012058258,8.60419297218,2.01600003242
8.09683132172,8.81012058258,8.62016177177,2.01600003242
8.09683132172,8.81012058258,8.63620376587,2.01600003242
8.09683132172,8.81012058258,8.65219378471,2.01600003242
8.09683132172,8.81012058258,8.668145895,2.01600003242
8.09683132172,8.81012058258,8.68419194221,2.01600003242
8.09683132172,8.81012058258,8.70012497902,2.01600003242
8.09683132172,8.81012058258,8.71619796753,2.01600003242
8.09683132172,8.81012058258,8.73215198517,2.01600003242
8.09683132172,8.81012058258,8.74819397926,2.01600003242
8.09683132172,8.81012058258,8.76418876648,2.01600003242
8.09683132172,8.81012058258,8.78019380569,2.01600003242
8.09683132172,8.81012058258,8.79616498947,2.01600003242
8.09683132172,8.81012058258,8.81220388412,2.01600003242
8.09683132172,8.81012058258,8.82816386223,2.01600003242
8.09683132172,8.81012058258,8.84412288666,2.01600003242
8.09683132172,8.81012058258,8.86018586159,2.01600003242
8.09683132172,8.81012058258,8.87617087364,2.01600003242
8.09683132172,8.81012058258,8.89220786095,2.01600003242
8.09683132172,8.81012058258,8.90820384026,2.01600003242
8.09683132172,8.81012058258,8.92420387268,2.01600003242
8.09683132172,8.81012058258,8.94014382362,2.01600003242
8.09683132172,8.81012058258,8.95619487762,2.01600003242
8.09683132172,8.81012058258,8.97210383415,2.01600003242
8.09683132172,8.81012058258,8.98825287819,2.01600003242
8.09683132172,8.81012058258,9.0041949749,2.01600003242
8.09683132172,8.81012058258,9.02025794983,2.01600003242
8.09683132172,8.81012058258,9.03612184525,2.01600003242
8.09683132172,8.81012058258,9.05223083496,2.01600003242
8.09683132172,8.81012058258,9.06819081306,2.01600003242
8.09683132172,8.81012058258,9.08420276642,2.01600003242
8.09683132172,8.81012058258,9.10022377968,2.01600003242
8.09683132172,8.81012058258,9.11615681648,2.01600003242
8.09683132172,8.81012058258,9.13213181496,2.01600003242
8.09683132172,8.81012058258,9.14820599556,2.01600003242
8.09683132172,8.81012058258,9.16422486305,2.04800009727
8.09683132172,8.81012058258,9.18019080162,2.07999992371
8.09683132172,8.81012058258,9.19622087479,2.11199998856
8.09683132172,8.81012058258,9.21220898628,2.14400005341
8.09683132172,8.81012058258,9.22818398476,2.17600011826
8.09683132172,8.81012058258,9.24427986145,2.20799994469
8.09683132172,8.81012058258,9.2602148056,2.24000000954
8.09683132172,8.81012058258,9.27620983124,2.27200007439
8.09683132172,8.81012058258,9.2921898365,2.30399990082
8.09683132172,8.81012058258,9.30832886696,2.33599996567
8.09683132172,8.81012058258,9.32420492172,2.36800003052
8.09683132172,8.81012058258,9.34013390541,2.40000009537
8.09683132172,8.81012058258,9.35627579689,2.4319999218
8.09683132172,8.81012058258,9.37221288681,2.46399998665
8.09683132172,8.81012058258,9.38834476471,2.4960000515
8.09683132172,8.81012058258,9.40418791771,2.52800011635
8.09683132172,8.81012058258,9.42031478882,2.55999994278
8.09683132172,8.81012058258,9.43619084358,2.59200000763
8.09683132172,8.81012058258,9.45219182968,2.62400007248
8.09683132172,8.81012058258,9.46820688248,2.65599989891
8.09683132172,8.81012058258,9.48422884941,2.68799996376
8.09683132172,8.81012058258,9.50020694733,2.72000002861
8.09683132172,8.81012058258,9.51616191864,2.75200009346
8.06722927094,8.82227516174,9.53237485886,2.75200009346
8.03762722015,8.83442878723,9.54822278023,2.75200009346
8.00802516937,8.84658241272,9.56423592567,2.75200009346
7.97842359543,8.85873699188,9.58020997047,2.75200009346
7.94882154465,8.87089061737,9.59623789787,2.75200009346
7.91921949387,8.88304424286,9.61222887039,2.75200009346
7.88961744308,8.89519882202,9.62821578979,2.75200009346
7.8600153923,8.90735244751,9.64421582222,2.75200009346
7.83041334152,8.919506073,9.66030478477,2.75200009346
7.80081129074,8.93166065216,9.67620182037,2.75200009346
7.77120923996,8.94381427765,9.69232678413,2.75200009346
7.74160718918,8.95596885681,9.70820498466,2.75200009346
7.7120051384,8.9681224823,9.7241499424,2.75200009346
7.68240308762,8.98027610779,9.74027395248,2.75200009346
7.65280103683,8.99243068695,9.75619983673,2.75200009346
7.62319898605,9.00458431244,9.7722568512,2.75200009346
7.59359693527,9.01673793793,9.78819990158,2.75200009346
7.56399488449,9.02889251709,9.80429577827,2.75200009346
7.53439283371,9.04104614258,9.82020378113,2.75200009346
7.50479078293,9.05319976807,9.83617377281,2.75200009346
7.47518873215,9.06535434723,9.85218286514,2.75200009346
7.44558668137,9.07750797272,9.86821985245,2.75200009346
7.41598463058,9.08966255188,9.8841958046,2.75200009346
7.3863825798,9.10181617737,9.90023779869,2.75200009346
7.35678052902,9.11396980286,9.91622185707,2.75200009346
7.32717847824,9.12612438202,9.9323887825,2.75200009346
7.29757642746,9.13827800751,9.94827985764,2.75200009346
7.26797437668,9.150431633,9.9642868042,2.75200009346
7.2383723259,9.16258621216,9.98029780388,2.75200009346
7.20877027512,9.17473983765,9.99616289139,2.75200009346
7.17916822433,9.18689346313,10.0122039318,2.75200009346
7.14956617355,9.1990480423,10.0282588005,2.75200009346
7.11996412277,9.21120166779,10.0442788601,2.75200009346
7.09036207199,9.22335624695,10.0602328777,2.75200009346
7.06076002121,9.23550987244,10.0762169361,2.75200009346
7.03115797043,9.24766349792,10.092250824,2.75200009346
7.00155591965,9.25981807709,10.1082379818,2.75200009346
6.97195386887,9.27197170258,10.1242399216,2.75200009346
6.94235181808,9.28412532806,10.1402587891,2.75200009346
6.9127497673,9.29627990723,10.1562809944,2.75200009346
6.88314771652,9.30843353271,10.1722028255,2.75200009346
6.85354566574,9.3205871582,10.188202858,2.75200009346
6.82394361496,9.33274173737,10.2041339874,2.75200009346
6.79434156418,9.34489536285,10.2202727795,2.75200009346
6.7647395134,9.35704994202,10.2362117767,2.75200009346
6.73513746262,9.3692035675,10.252229929,2.75200009346
6.70553541183,9.38135719299,10.2682697773,2.75200009346
6.67593336105,9.39351177216,10.2842087746,2.75200009346
6.64633131027,9.40566539764,10.3001639843,2.75200009346
6.61672925949,9.41781902313,10.3162097931,2.75200009346
6.58712720871,9.42997360229,10.3322069645,2.75200009346
6.55752515793,9.44212722778,10.348200798,2.75200009346
6.52792310715,9.45428085327,10.3642787933,2.75200009346
6.49832105637,9.46643543243,10.380204916,2.75200009346
6.46871900558,9.47858905792,10.3963479996,2.75200009346
6.4391169548,9.49074363708,10.4122898579,2.75200009346
6.40951538086,9.50289726257,10.4282557964,2.75200009346
6.37991333008,9.51505088806,10.4442977905,2.75200009346
6.3503112793,9.52720546722,10.4602608681,2.75200009346
6.32070922852,9.53935909271,10.4762229919,2.75200009346
6.29110717773,9.5515127182,10.4921967983,2.75200009346
6.26150512695,9.56366729736,10.5082008839,2.75200009346
6.23190307617,9.57582092285,10.524324894,2.75200009346
6.23190307617,9.57582092285,10.540199995,2.75200009346
6.23190307617,9.57582092285,10.5562109947,2.75200009346
6.23190307617,9.57582092285,10.5721218586,2.75200009346
6.23190307617,9.57582092285,10.5882029533,2.75200009346
6.23190307617,9.57582092285,10.60420084,2.75200009346
6.23190307617,9.57582092285,10.6201889515,2.75200009346
6.23190307617,9.57582092285,10.6361978054,2.75200009346
6.23190307617,9.57582092285,10.6521909237,2.75200009346
6.23190307617,9.57582092285,10.6682038307,2.75200009346
6.23190307617,9.57582092285,10.6841988564,2.75200009346
6.23190307617,9.57582092285,10.7001869678,2.75200009346
6.23190307617,9.57582092285,10.7162048817,2.75200009346
6.23190307617,9.57582092285,10.7321918011,2.75200009346
6.23190307617,9.57582092285,10.7482759953,2.75200009346
6.23190307617,9.57582092285,10.7641909122,2.75200009346
6.23190307617,9.57582092285,10.7801949978,2.75200009346
6.23190307617,9.57582092285,10.7961659431,2.75200009346
6.23190307617,9.57582092285,10.812199831,2.75200009346
6.23190307617,9.57582092285,10.8281719685,2.75200009346
6.23190307617,9.57582092285,10.844190836,2.75200009346
6.23190307617,9.57582092285,10.8602039814,2.75200009346
6.23190307617,9.57582092285,10.8761959076,2.75200009346
6.23190307617,9.57582092285,10.8922019005,2.75200009346
6.23190307617,9.57582092285,10.9081218243,2.75200009346
6.23190307617,9.57582092285,10.9241957664,2.75200009346
6.23190307617,9.57582092285,10.9401218891,2.75200009346
6.23190307617,9.57582092285,10.9561867714,2.75200009346
6.23190307617,9.57582092285,10.9721198082,2.75200009346
6.23190307617,9.57582092285,10.9881949425,2.75200009346
6.23190307617,9.57582092285,11.0041999817,2.75200009346
6.23190307617,9.57582092285,11.0201909542,2.75200009346
6.23190307617,9.57582092285,11.0361199379,2.75200009346
6.23190307617,9.57582092285,11.0521929264,2.75200009346
6.23190307617,9.57582092285,11.0681078434,2.75200009346
6.23190307617,9.57582092285,11.0842058659,2.75200009346
6.23190307617,9.57582092285,11.1002459526,2.75200009346
6.23190307617,9.57582092285,11.1162037849,2.75200009346
6.23190307617,9.57582092285,11.1321918964,2.75200009346
6.23190307617,9.57582092285,11.1482069492,2.75200009346
6.23190307617,9.57582092285,11.1641278267,2.75200009346
6.23190307617,9.57582092285,11.1802048683,2.75200009346
6.23190307617,9.57582092285,11.1961679459,2.75200009346
6.23190307617,9.57582092285,11.2122209072,2.75200009346
6.23190307617,9.57582092285,11.2282037735,2.75200009346
6.23190307617,9.57582092285,11.2441968918,2.75200009346
6.23190307617,9.57582092285,11.2602097988,2.75200009346
6.23190307617,9.57582092285,11.2762048244,2.75200009346
6.23190307617,9.57582092285,11.2921979427,2.75200009346
6.23190307617,9.57582092285,11.3082039356,2.75200009346
6.23190307617,9.57582092285,11.3242189884,2.75200009346
6.23190307617,9.57582092285,11.3401918411,2.75200009346
6.23190307617,9.57582092285,11.35618186,2.75200009346
6.23190307617,9.57582092285,11.3722047806,2.75200009346
6.23190307617,9.57582092285,11.3882079124,2.75200009346
6.23190307617,9.57582092285,11.4042057991,2.75200009346
6.23190307617,9.57582092285,11.4202198982,2.75200009346
6.23190307617,9.57582092285,11.4361197948,2.75200009346
6.23190307617,9.57582092285,11.4522337914,2.75200009346
6.23190307617,9.57582092285,11.4681529999,2.75200009346
6.23190307617,9.57582092285,11.4842298031,2.75200009346
6.23190307617,9.57582092285,11.5002198219,2.75200009346
6.23190307617,9.57582092285,11.5162038803,2.75200009346
6.23190307617,9.57582092285,11.532186985,2.75200009346
6.23190307617,9.57582092285,11.548208952,2.75200009346
6.23190307617,9.57582092285,11.5641977787,2.75200009346
6.23190307617,9.57582092285,11.5802037716,2.75200009346
6.23190307617,9.57582092285,11.596326828,2.78399991989
6.23190307617,9.57582092285,11.612197876,2.81599998474
6.23190307617,9.57582092285,11.6281998158,2.84800004959
6.23190307617,9.57582092285,11.6441807747,2.88000011444
6.23190307617,9.57582092285,11.6602809429,2.91199994087
6.23190307617,9.57582092285,11.6761977673,2.94400000572
6.23190307617,9.57582092285,11.6922519207,2.97600007057
6.23190307617,9.57582092285,11.7082037926,3.007999897
6.23190307617,9.57582092285,11.7243077755,3.03999996185
6.23190307617,9.57582092285,11.7402048111,3.0720000267
6.23190307617,9.57582092285,11.7562749386,3.10400009155
6.23190307617,9.57582092285,11.7722089291,3.13599991798
6.23190307617,9.57582092285,11.7883148193,3.16799998283
6.23190307617,9.57582092285,11.804199934,3.20000004768
6.23190307617,9.57582092285,11.8201518059,3.23200011253
6.23190307617,9.57582092285,11.8362498283,3.26399993896
6.23190307617,9.57582092285,11.8521978855,3.29600000381
6.23190307617,9.57582092285,11.8681979179,3.32800006866
6.23190307617,9.57582092285,11.8842029572,3.3599998951
6.23190307617,9.57582092285,11.9002468586,3.39199995995
6.23190307617,9.57582092285,11.916205883,3.4240000248
6.23190307617,9.57582092285,11.9322938919,3.45600008965
6.23190307617,9.57582092285,11.9481739998,3.48799991608
6.23190307617,9.57582092285,11.9642338753,3.51999998093
6.23190307617,9.57582092285,11.9801588058,3.55200004578
6.23190307617,9.57582092285,11.9962849617,3.58400011063
6.23190307617,9.57582092285,12.0121958256,3.61599993706
6.23190307617,9.57582092285,12.0282928944,3.64800000191
6.23190307617,9.57582092285,12.0442218781,3.68000006676
6.2044301033,9.55941200256,12.0602898598,3.68000006676
6.17695713043,9.54300403595,12.0761659145,3.68000006676
6.14948415756,9.52659511566,12.0922379494,3.68000006676
6.12201166153,9.51018619537,12.1083059311,3.68000006676
6.09453868866,9.49377822876,12.1242637634,3.68000006676
6.06706571579,9.47736930847,12.1402058601,3.68000006676
6.03959274292,9.46096038818,12.1561918259,3.68000006676
6.01212024689,9.44455242157,12.1721968651,3.68000006676
5.98464727402,9.42814350128,12.1883277893,3.68000006676
5.95717430115,9.41173458099,12.2041919231,3.68000006676
5.92970180511,9.39532661438,12.2203168869,3.68000006676
5.90222883224,9.37891769409,12.2361209393,3.68000006676
5.87475585938,9.3625087738,12.2521879673,3.68000006676
5.84728288651,9.34610080719,12.2681279182,3.68000006676
5.81981039047,9.3296918869,12.2841529846,3.68000006676
5.7923374176,9.31328296661,12.3002169132,3.68000006676
5.76486444473,9.29687404633,12.3161947727,3.68000006676
5.73739147186,9.28046607971,12.3322088718,3.68000006676
5.70991897583,9.26405715942,12.3481907845,3.68000006676
5.68244600296,9.24764823914,12.3641748428,3.68000006676
5.65497303009,9.23124027252,12.3801689148,3.68000006676
5.62750005722,9.21483135223,12.3961777687,3.68000006676
5.60002756119,9.19842243195,12.4121689796,3.68000006676
5.57255458832,9.18201446533,12.42826581,3.68000006676
5.54508161545,9.16560554504,12.4442028999,3.68000006676
5.51760911942,9.14919662476,12.4603159428,3.68000006676
5.49013614655,9.13278865814,12.4762558937,3.68000006676
5.46266317368,9.11637973785,12.4922468662,3.68000006676
5.43519020081,9.09997081757,12.5082788467,3.68000006676
5.40771770477,9.08356285095,12.5242578983,3.68000006676
5.3802447319,9.06715393066,12.5402209759,3.68000006676
5.35277175903,9.05074501038,12.5562589169,3.68000006676
5.32529878616,9.03433704376,12.5721487999,3.68000006676
5.29782629013,9.01792812347,12.5882508755,3.68000006676
5.27035331726,9.00151920319,12.6042218208,3.68000006676
5.24288034439,8.9851102829,12.6202178001,3.68000006676
5.21540737152,8.96870231628,12.6363148689,3.68000006676
5.18793487549,8.952293396,12.6522259712,3.68000006676
5.16046190262,8.93588447571,12.6682538986,3.68000006676
5.13298892975,8.91947650909,12.6842589378,3.68000006676
5.10551643372,8.90306758881,12.7001898289,3.68000006676
5.07804346085,8.88665866852,12.7161989212,3.68000006676
5.05057048798,8.8702507019,12.7322688103,3.68000006676
5.02309751511,8.85384178162,12.748210907,3.68000006676
4.99562501907,8.83743286133,12.7642099857,3.68000006676
4.9681520462,8.82102489471,12.7801859379,3.68000006676
4.94067907333,8.80461597443,12.796173811,3.68000006676
4.91320610046,8.78820705414,12.8122107983,3.68000006676
4.88573360443,8.77179908752,12.8282709122,3.68000006676
4.85826063156,8.75539016724,12.8442909718,3.68000006676
4.83078765869,8.73898124695,12.8602349758,3.68000006676
4.80331468582,8.72257328033,12.8761777878,3.68000006676
4.77584218979,8.70616436005,12.8922979832,3.68000006676
4.74836921692,8.68975543976,12.9081499577,3.68000006676
4.72089624405,8.67334747314,12.9242568016,3.68000006676
4.69342374802,8.65693855286,12.9403297901,3.68000006676
4.66595077515,8.64052963257,12.9562439919,3.68000006676
4.63847780228,8.62412071228,12.9722249508,3.68000006676
4.61100482941,8.60771274567,12.9882128239,3.68000006676
4.58353233337,8.59130382538,13.0042209625,3.68000006676
4.5560593605,8.57489490509,13.0201969147,3.68000006676
4.52858638763,8.55848693848,13.0361938477,3.68000006676
4.50111341476,8.54207801819,13.0522577763,3.68000006676
4.50111341476,8.54207801819,13.0681118965,3.68000006676
4.50111341476,8.54207801819,13.0841948986,3.68000006676
4.50111341476,8.54207801819,13.1001179218,3.68000006676
4.50111341476,8.54207801819,13.1162018776,3.68000006676
4.50111341476,8.54207801819,13.132106781,3.68000006676
4.50111341476,8.54207801819,13.1481997967,3.68000006676
4.50111341476,8.54207801819,13.1641869545,3.68000006676
4.50111341476,8.54207801819,13.1802079678,3.68000006676
4.50111341476,8.54207801819,13.1961898804,3.68000006676
4.50111341476,8.54207801819,13.2122068405,3.68000006676
4.50111341476,8.54207801819,13.2281658649,3.68000006676
4.50111341476,8.54207801819,13.2441999912,3.68000006676
4.50111341476,8.54207801819,13.2602038383,3.68000006676
4.50111341476,8.54207801819,13.2761049271,3.68000006676
4.50111341476,8.54207801819,13.2922189236,3.68000006676
4.50111341476,8.54207801819,13.3082048893,3.68000006676
4.50111341476,8.54207801819,13.3242018223,3.68000006676
4.50111341476,8.54207801819,13.3401069641,3.68000006676
4.50111341476,8.54207801819,13.3562119007,3.68000006676
4.50111341476,8.54207801819,13.3722009659,3.68000006676
4.50111341476,8.54207801819,13.3882029057,3.68000006676
4.50111341476,8.54207801819,13.4042038918,3.68000006676
4.50111341476,8.54207801819,13.4202039242,3.68000006676
4.50111341476,8.54207801819,13.4361219406,3.68000006676
4.50111341476,8.54207801819,13.4521989822,3.68000006676
4.50111341476,8.54207801819,13.4682188034,3.68000006676
4.50111341476,8.54207801819,13.4843199253,3.68000006676
4.50111341476,8.54207801819,13.5001077652,3.68000006676
4.50111341476,8.54207801819,13.5162007809,3.68000006676
4.50111341476,8.54207801819,13.532189846,3.68000006676
4.50111341476,8.54207801819,13.5482029915,3.68000006676
4.50111341476,8.54207801819,13.5641729832,3.68000006676
4.50111341476,8.54207801819,13.5801489353,3.68000006676
4.50111341476,8.54207801819,13.5961539745,3.68000006676
4.50111341476,8.54207801819,13.6121888161,3.68000006676
4.50111341476,8.54207801819,13.6282298565,3.68000006676
4.50111341476,8.54207801819,13.6441547871,3.68000006676
4.50111341476,8.54207801819,13.6601147652,3.68000006676
4.50111341476,8.54207801819,13.6761338711,3.68000006676
4.50111341476,8.54207801819,13.6921849251,3.68000006676
4.50111341476,8.54207801819,13.7081878185,3.68000006676
4.50111341476,8.54207801819,13.7241947651,3.68000006676
4.50111341476,8.54207801819,13.7401969433,3.68000006676
4.50111341476,8.54207801819,13.7561948299,3.68000006676
4.50111341476,8.54207801819,13.7721138,3.68000006676
4.50111341476,8.54207801819,13.7881829739,3.68000006676
4.50111341476,8.54207801819,13.8041098118,3.68000006676
4.50111341476,8.54207801819,13.8201959133,3.68000006676
4.47364091873,8.5256690979,13.8362009525,3.68000006676
4.44616794586,8.50926113129,13.8522078991,3.68000006676
4.41869497299,8.492852211,13.8681898117,3.68000006676
4.39122200012,8.47644329071,13.8841948509,3.68000006676
4.36374950409,8.4600353241,13.9001419544,3.68000006676
4.33627653122,8.44362640381,13.9161958694,3.68000006676
4.30880355835,8.42721748352,13.9322538376,3.68000006676
4.28133106232,8.41080951691,13.9481418133,3.68000006676
4.25385808945,8.39440059662,13.9642047882,3.68000006676
4.22638511658,8.37799167633,13.9802758694,3.68000006676
4.19891214371,8.36158370972,13.9961979389,3.68000006676
4.17143964767,8.34517478943,14.0122849941,3.68000006676
4.1439666748,8.32876586914,14.0281898975,3.68000006676
4.11649370193,8.31235694885,14.0442519188,3.68000006676
4.08902072906,8.29594898224,14.0601849556,3.68000006676
4.06154823303,8.27954006195,14.0762059689,3.68000006676
4.03407526016,8.26313114166,14.0921559334,3.68000006676
4.00660228729,8.24672317505,14.1082239151,3.68000006676
3.97912955284,8.23031425476,14.1243369579,3.68000006676
3.95165657997,8.21390533447,14.1402029991,3.68000006676
3.92418384552,8.19749736786,14.1561868191,3.68000006676
3.89671087265,8.18108844757,14.1722149849,3.68000006676
3.8692381382,8.16467952728,14.1883437634,3.68000006676
3.84176540375,8.14827156067,14.2041537762,3.68000006676
3.81429243088,8.13186264038,14.2203087807,3.68000006676
3.78681969643,8.11545372009,14.2361619473,3.68000006676
3.75934672356,8.09904575348,14.2522618771,3.68000006676
3.73187398911,8.08263683319,14.2682278156,3.68000006676
3.70440101624,8.0662279129,14.2842187881,3.68000006676
3.67692828178,8.04981994629,14.3002028465,3.68000006676
3.64945530891,8.033411026,14.3162198067,3.68000006676
3.62198257446,8.01700210571,14.332228899,3.68000006676
3.59450960159,8.0005941391,14.3482058048,3.68000006676
3.56703686714,7.98418521881,14.3642728329,3.68000006676
3.53956389427,7.96777629852,14.3802068233,3.68000006676
3.51209115982,7.95136785507,14.3962538242,3.68000006676
3.48461818695,7.93495941162,14.4122269154,3.68000006676
3.4571454525,7.91855049133,14.4283399582,3.68000006676
3.42967271805,7.90214204788,14.4442028999,3.68000006676
3.40219974518,7.88573312759,14.4601829052,3.68000006676
3.37472701073,7.86932468414,14.4762928486,3.68000006676
3.34725403786,7.85291624069,14.4922068119,3.68000006676
3.31978130341,7.8365073204,14.5083220005,3.68000006676
3.29230833054,7.82009887695,14.524214983,3.68000006676
3.26483559608,7.8036904335,14.5403277874,3.68000006676
3.23736262321,7.78728151321,14.5562229156,3.68000006676
3.20988988876,7.77087306976,14.5721688271,3.68000006676
3.18241691589,7.75446462631,14.588351965,3.68000006676
3.15494418144,7.73805570602,14.6042327881,3.68000006676
3.12747120857,7.72164726257,14.6202559471,3.68000006676
3.09999847412,7.70523834229,14.6361768246,3.68000006676
3.07252550125,7.68882989883,14.6522889137,3.68000006676
3.0450527668,7.67242145538,14.6682097912,3.68000006676
3.01757979393,7.6560125351,14.6842608452,3.68000006676
2.99010705948,7.63960409164,14.7001760006,3.68000006676
2.96263432503,7.62319564819,14.7163097858,3.68000006676
2.93516135216,7.60678672791,14.7322227955,3.68000006676
2.90768861771,7.59037828445,14.7482318878,3.68000006676
2.88021564484,7.573969841,14.7642538548,3.68000006676
2.85274291039,7.55756092072,14.7802319527,3.68000006676
2.82526993752,7.54115247726,14.796227932,3.68000006676
2.79779720306,7.52474355698,14.8122889996,3.68000006676
2.77032423019,7.50833511353,14.8281629086,3.68000006676
2.77032423019,7.50833511353,14.844285965,3.68000006676
2.77032423019,7.50833511353,14.8601579666,3.68000006676
2.77032423019,7.50833511353,14.8761479855,3.68000006676
2.77032423019,7.50833511353,14.8922147751,3.68000006676
2.77032423019,7.50833511353,14.9081227779,3.68000006676
2.77032423019,7.50833511353,14.9242148399,3.68000006676
2.77032423019,7.50833511353,14.9401299953,3.68000006676
2.77032423019,7.50833511353,14.9562048912,3.68000006676
2.77032423019,7.50833511353,14.9722058773,3.68000006676
2.77032423019,7.50833511353,14.9882469177,3.68000006676
2.77032423019,7.50833511353,15.0041217804,3.68000006676
2.77032423019,7.50833511353,15.0202059746,3.68000006676
2.77032423019,7.50833511353,15.0361218452,3.68000006676
2.77032423019,7.50833511353,15.052205801,3.68000006676
2.77032423019,7.50833511353,15.0681228638,3.68000006676
2.77032423019,7.50833511353,15.0841898918,3.68000006676
2.77032423019,7.50833511353,15.1001198292,3.68000006676
2.77032423019,7.50833511353,15.1162278652,3.68000006676
2.77032423019,7.50833511353,15.1322028637,3.68000006676
2.77032423019,7.50833511353,15.1482019424,3.68000006676
2.77032423019,7.50833511353,15.1642727852,3.68000006676
2.77032423019,7.50833511353,15.1801578999,3.68000006676
2.77032423019,7.50833511353,15.196190834,3.68000006676
2.77032423019,7.50833511353,15.2122049332,3.68000006676
2.77032423019,7.50833511353,15.2281649113,3.68000006676
2.77032423019,7.50833511353,15.2441968918,3.68000006676
2.77032423019,7.50833511353,15.2601659298,3.68000006676
2.77032423019,7.50833511353,15.2762269974,3.68000006676
2.77032423019,7.50833511353,15.2921628952,3.68000006676
2.77032423019,7.50833511353,15.3081219196,3.68000006676
2.77032423019,7.50833511353,15.3241717815,3.68000006676
2.77032423019,7.50833511353,15.3401648998,3.68000006676
2.77032423019,7.50833511353,15.3562808037,3.68000006676
2.77032423019,7.50833511353,15.3721599579,3.68000006676
2.77032423019,7.50833511353,15.3882648945,3.68000006676
2.77032423019,7.50833511353,15.4041779041,3.68000006676
2.77032423019,7.50833511353,15.4202678204,3.68000006676
2.77032423019,7.50833511353,15.4361569881,3.68000006676
2.77032423019,7.50833511353,15.4521849155,3.68000006676
2.77032423019,7.50833511353,15.468266964,3.68000006676
2.77032423019,7.50833511353,15.4843437672,3.68000006676
2.77032423019,7.50833511353,15.5002059937,3.68000006676
2.77032423019,7.50833511353,15.5161647797,3.68000006676
2.77032423019,7.50833511353,15.5321178436,3.68000006676
2.77032423019,7.50833511353,15.5482058525,3.68000006676
2.77032423019,7.50833511353,15.56417799,3.68000006676
2.77032423019,7.50833511353,15.5802128315,3.68000006676
2.77032423019,7.50833511353,15.5962197781,3.68000006676
2.77032423019,7.50833511353,15.6122038364,3.68000006676
2.77032423019,7.50833511353,15.6281249523,3.68000006676
2.77032423019,7.50833511353,15.6441318989,3.68000006676
2.77032423019,7.50833511353,15.6601808071,3.68000006676
2.77032423019,7.50833511353,15.6762108803,3.68000006676
2.77032423019,7.50833511353,15.6922359467,3.68000006676
2.77032423019,7.50833511353,15.7082118988,3.68000006676
2.77032423019,7.50833511353,15.7241687775,3.68000006676
2.77032423019,7.50833511353,15.7401368618,3.68000006676
2.77032423019,7.50833511353,15.7562088966,3.68000006676
2.77032423019,7.50833511353,15.7721378803,3.68000006676
2.77032423019,7.50833511353,15.788214922,3.68000006676
2.77032423019,7.50833511353,15.8042109013,3.68000006676
2.77032423019,7.50833511353,15.8202118874,3.68000006676
2.77032423019,7.50833511353,15.8361158371,3.68000006676
2.77032423019,7.50833511353,15.8522119522,3.68000006676
2.77032423019,7.50833511353,15.8680927753,3.68000006676
2.77032423019,7.50833511353,15.8842067719,3.68000006676
2.77032423019,7.50833511353,15.9002108574,3.68000006676
2.77032423019,7.50833511353,15.9162099361,3.68000006676
2.77032423019,7.50833511353,15.9321959019,3.68000006676
2.77032423019,7.50833511353,15.9481577873,3.68000006676
2.77032423019,7.50833511353,15.9641878605,3.68000006676
2.77032423019,7.50833511353,15.9802057743,3.68000006676
2.77032423019,7.50833511353,15.9961898327,3.68000006676
2.77032423019,7.50833511353,16.0121247768,3.68000006676
2.77032423019,7.50833511353,16.0281298161,3.68000006676
2.77032423019,7.50833511353,16.0441977978,3.68000006676
2.74285149574,7.49192667007,16.0601639748,3.68000006676
2.71537852287,7.47551774979,16.0761938095,3.68000006676
2.68790578842,7.45910930634,16.0922608376,3.68000006676
2.66043281555,7.44270086288,16.1082069874,3.68000006676
2.6329600811,7.4262919426,16.1242609024,3.68000006676
2.60548710823,7.40988349915,16.1402459145,3.68000006676
2.57801437378,7.39347505569,16.1562378407,3.68000006676
2.55054163933,7.37706613541,16.1722128391,3.68000006676
2.52306866646,7.36065769196,16.188215971,3.68000006676
2.49559593201,7.34424877167,16.204215765,3.68000006676
2.46812295914,7.32784032822,16.2201647758,3.68000006676
2.44065022469,7.31143188477,16.2363288403,3.68000006676
2.41317725182,7.29502296448,16.2522168159,3.68000006676
2.38570451736,7.27861452103,16.2682199478,3.68000006676
2.35823154449,7.26220607758,16.2842178345,3.68000006676
2.33075881004,7.24579715729,16.3001978397,3.68000006676
2.30328583717,7.22938871384,16.3162229061,3.68000006676
2.27581310272,7.21297979355,16.3322329521,3.68000006676
2.24834012985,7.1965713501,16.3481748104,3.68000006676
2.2208673954,7.18016290665,16.3642158508,3.68000006676
2.19339442253,7.16375398636,16.3803129196,3.68000006676
2.16592168808,7.14734554291,16.3962378502,3.68000006676
2.13844895363,7.13093709946,16.4122247696,3.68000006676
2.11097598076,7.11452817917,16.4281687737,3.68000006676
2.08350324631,7.09811973572,16.4442858696,3.68000006676
2.05603027344,7.08171129227,16.4602308273,3.68000006676
2.02855753899,7.06530237198,16.4762599468,3.68000006676
2.00108456612,7.04889392853,16.4922149181,3.68000006676
1.97361171246,7.03248500824,16.508207798,3.68000006676
1.946138978,7.01607656479,16.5242259502,3.68000006676
1.91866612434,6.99966812134,16.5401659012,3.68000006676
1.89119327068,6.98325920105,16.5561938286,3.68000006676
1.86372041702,6.9668507576,16.5722129345,3.68000006676
1.83624756336,6.95044231415,16.5882928371,3.68000006676
1.8087747097,6.93403339386,16.6042599678,3.68000006676
1.78130185604,6.91762495041,16.6201989651,3.68000006676
1.75382900238,6.90121650696,16.6362509727,3.68000006676
1.72635614872,6.88480758667,16.6522479057,3.68000006676
1.69888329506,6.86839914322,16.6682248116,3.68000006676
1.6714104414,6.85199022293,16.6842288971,3.68000006676
1.64393758774,6.83558177948,16.7001988888,3.68000006676
1.61646473408,6.81917333603,16.7161979675,3.68000006676
1.58899188042,6.80276441574,16.7321867943,3.68000006676
1.56151902676,6.78635597229,16.7482969761,3.68000006676
1.5340462923,6.76994752884,16.7642059326,3.68000006676
1.50657343864,6.75353860855,16.7803328037,3.68000006676
1.47910058498,6.7371301651,16.7962009907,3.68000006676
1.45162773132,6.72072172165,16.8122029305,3.68000006676
1.42415487766,6.70431280136,16.8282067776,3.68000006676
1.396682024,6.68790435791,16.8441398144,3.68000006676
1.36920917034,6.67149543762,16.8602888584,3.68000006676
1.34173631668,6.65508699417,16.8762059212,3.68000006676
1.31426346302,6.63867855072,16.8921508789,3.68000006676
1.28679060936,6.62226963043,16.9083139896,3.68000006676
1.2593177557,6.60586118698,16.92420578,3.68000006676
1.23184490204,6.58945274353,16.9402039051,3.68000006676
1.20437204838,6.57304382324,16.9562089443,3.68000006676
1.17689919472,6.55663537979,16.97220397,3.68000006676
1.14942634106,6.54022693634,16.9882149696,3.68000006676
1.1219534874,6.52381801605,17.00421381,3.68000006676
1.09448075294,6.5074095726,17.0203077793,3.68000006676
1.06700789928,6.49100065231,17.0361719131,3.68000006676
1.03953504562,6.47459220886,17.0522527695,3.68000006676
1.03953504562,6.47459220886,17.0682559013,3.68000006676
1.03953504562,6.47459220886,17.0841999054,3.68000006676
1.03953504562,6.47459220886,17.1002149582,3.68000006676
1.03953504562,6.47459220886,17.1161949635,3.68000006676
1.03953504562,6.47459220886,17.1321249008,3.68000006676
1.03953504562,6.47459220886,17.1482019424,3.68000006676
1.03953504562,6.47459220886,17.1641588211,3.68000006676
1.03953504562,6.47459220886,17.1802048683,3.68000006676
1.03953504562,6.47459220886,17.1962018013,3.68000006676
1.03953504562,6.47459220886,17.2122039795,3.68000006676
1.03953504562,6.47459220886,17.2282118797,3.68000006676
1.03953504562,6.47459220886,17.2441449165,3.68000006676
1.03953504562,6.47459220886,17.2601819038,3.68000006676
1.03953504562,6.47459220886,17.2762169838,3.68000006676
1.03953504562,6.47459220886,17.2922058105,3.68000006676
1.03953504562,6.47459220886,17.308193922,3.68000006676
1.03953504562,6.47459220886,17.3242108822,3.68000006676
1.03953504562,6.47459220886,17.3401358128,3.68000006676
1.03953504562,6.47459220886,17.3562059402,3.68000006676
1.03953504562,6.47459220886,17.3722019196,3.68000006676
1.03953504562,6.47459220886,17.3881998062,3.68000006676
1.03953504562,6.47459220886,17.4041957855,3.68000006676
1.03953504562,6.47459220886,17.4202449322,3.68000006676
1.03953504562,6.47459220886,17.4362268448,3.68000006676
1.03953504562,6.47459220886,17.4522008896,3.68000006676
1.03953504562,6.47459220886,17.4682168961,3.68000006676
1.03953504562,6.47459220886,17.484194994,3.68000006676
1.03953504562,6.47459220886,17.5001897812,3.68000006676
1.03953504562,6.47459220886,17.5161957741,3.68000006676
1.03953504562,6.47459220886,17.532201767,3.68000006676
1.03953504562,6.47459220886,17.5481219292,3.68000006676
1.03953504562,6.47459220886,17.5641617775,3.68000006676
1.03953504562,6.47459220886,17.580206871,3.68000006676
1.03953504562,6.47459220886,17.5961427689,3.68000006676
1.03953504562,6.47459220886,17.6122047901,3.68000006676
1.03953504562,6.47459220886,17.628166914,3.68000006676
1.03953504562,6.47459220886,17.6441998482,3.68000006676
1.03953504562,6.47459220886,17.6601939201,3.68000006676
1.03953504562,6.47459220886,17.6762058735,3.68000006676
1.03953504562,6.47459220886,17.692196846,3.68000006676
1.03953504562,6.47459220886,17.7081918716,3.68000006676
1.03953504562,6.47459220886,17.7242019176,3.68000006676
1.03953504562,6.47459220886,17.7402057648,3.68000006676
1.03953504562,6.47459220886,17.7562019825,3.68000006676
1.03953504562,6.47459220886,17.7722029686,3.68000006676
1.03953504562,6.47459220886,17.788203001,3.68000006676
1.03953504562,6.47459220886,17.804199934,3.68000006676
1.03953504562,6.47459220886,17.8202059269,3.68000006676
1.03953504562,6.47459220886,17.8361217976,3.68000006676
1.03953504562,6.47459220886,17.8522098064,3.68000006676
1.03953504562,6.47459220886,17.8681819439,3.68000006676
1.03953504562,6.47459220886,17.8842039108,3.68000006676
1.03953504562,6.47459220886,17.9002127647,3.68000006676
1.03953504562,6.47459220886,17.9161968231,3.68000006676
1.03953504562,6.47459220886,17.9321789742,3.68000006676
1.03953504562,6.47459220886,17.9481329918,3.68000006676
1.03953504562,6.47459220886,17.964127779,3.68000006676
1.03953504562,6.47459220886,17.9801988602,3.68000006676
1.03953504562,6.47459220886,17.9961619377,3.68000006676
1.03953504562,6.47459220886,18.0122439861,3.68000006676
1.03953504562,6.47459220886,18.0281999111,3.68000006676
1.03953504562,6.47459220886,18.0441977978,3.68000006676
1.03953504562,6.47459220886,18.0602109432,3.68000006676
1.03953504562,6.47459220886,18.0761198997,3.68000006676
1.03953504562,6.47459220886,18.0921888351,3.68000006676
1.03953504562,6.47459220886,18.1081988811,3.68000006676
1.03953504562,6.47459220886,18.1242098808,3.68000006676
1.03953504562,6.47459220886,18.1401209831,3.68000006676
1.03953504562,6.47459220886,18.1562018394,3.68000006676
1.03953504562,6.47459220886,18.1722018719,3.68000006676
1.03953504562,6.47459220886,18.1882119179,3.68000006676
1.03953504562,6.47459220886,18.2041909695,3.68000006676
1.03953504562,6.47459220886,18.2202029228,3.68000006676
1.03953504562,6.47459220886,18.2362139225,3.68000006676
1.03953504562,6.47459220886,18.2522029877,3.68000006676
1.03953504562,6.47459220886,18.2681238651,3.68000006676
1.03953504562,6.47459220886,18.2841968536,3.68000006676
1.03953504562,6.47459220886,18.3001608849,3.68000006676
1.03953504562,6.47459220886,18.3161988258,3.68000006676
1.03953504562,6.47459220886,18.332159996,3.68000006676
1.03953504562,6.47459220886,18.3481218815,3.68000006676
1.03953504562,6.47459220886,18.3641998768,3.68000006676
1.03953504562,6.47459220886,18.3802008629,3.68000006676
1.03953504562,6.47459220886,18.3962447643,3.68000006676
1.03953504562,6.47459220886,18.4122409821,3.68000006676
1.03953504562,6.47459220886,18.4281637669,3.68000006676
1.03953504562,6.47459220886,18.444218874,3.68000006676
1.03953504562,6.47459220886,18.460203886,3.68000006676
1.03953504562,6.47459220886,18.4761819839,3.68000006676
1.03953504562,6.47459220886,18.4921889305,3.68000006676
1.03953504562,6.47459220886,18.5081329346,3.68000006676
1.03953504562,6.47459220886,18.5242068768,3.68000006676
1.03953504562,6.47459220886,18.5401988029,3.68000006676
1.03953504562,6.47459220886,18.556208849,3.68000006676
1.03953504562,6.47459220886,18.5721449852,3.68000006676
1.03953504562,6.47459220886,18.5881838799,3.68000006676
1.03953504562,6.47459220886,18.6041657925,3.68000006676
1.03953504562,6.47459220886,18.620194912,3.68000006676
1.03953504562,6.47459220886,18.6361548901,3.68000006676
1.03953504562,6.47459220886,18.6521019936,3.68000006676
1.03953504562,6.47459220886,18.6681959629,3.68000006676
1.03953504562,6.47459220886,18.6842157841,3.68000006676
1.03953504562,6.47459220886,18.7001497746,3.68000006676
1.03953504562,6.47459220886,18.716190815,3.68000006676
1.03953504562,6.47459220886,18.7321829796,3.68000006676
1.03953504562,6.47459220886,18.7481257915,3.68000006676
1.03953504562,6.47459220886,18.7641949654,3.68000006676
1.03953504562,6.47459220886,18.7801837921,3.68000006676
1.03953504562,6.47459220886,18.7962038517,3.68000006676
1.03953504562,6.47459220886,18.81219697,3.68000006676
1.03953504562,6.47459220886,18.8282179832,3.68000006676
1.03953504562,6.47459220886,18.8442008495,3.68000006676
1.03953504562,6.47459220886,18.8602099419,3.68000006676
1.03953504562,6.47459220886,18.876185894,3.68000006676
1.03953504562,6.47459220886,18.8921887875,3.68000006676
1.03953504562,6.47459220886,18.9082238674,3.68000006676
1.03953504562,6.47459220886,18.924202919,3.68000006676
